1000000000000000000000000000000001110011010111000
1000000000000000000000000000000010011000000010000
1000000000000000000000000000000100001110101011111
1000000000000000000000000000000110000101010011100
1000000000000000000000000000001000100110111011110
1000000000000000000000000000001011110001100101110
1000000000000000000000000000001101000101000100111
1000000000000000000000000000001110011101111010001
1000000000000000000000000000010001111010111100010
1000000000000000000000000000010010111111111111101
1000000000000000000000000000010101111001110101001
1000000000000000000000000000010111100101110011010
1000000000000000000000000000011001011000101000011
1000000000000000000000000000011011111100101000011
1000000000000000000000000000011101110001011000110
1000000000000000000000000000011110001001101000001
1000000000000000000000000000100001011001110100100
1000000000000000000000000000100011100011000001010
1000000000000000000000000000100101110000011001110
1000000000000000000000000000100111100111110001110
1000000000000000000000000000101000100001010011001
1000000000000000000000000000101010111100001111101
1000000000000000000000000000101101000000000000111
1000000000000000000000000000101110000110000100111
1000000000000000000000000000110000100011110010011
1000000000000000000000000000110011010000010010100
1000000000000000000000000000110100001000110110000
1000000000000000000000000000110110100101110011011
1000000000000000000000000000111000000000010101111
1000000000000000000000000000111011011110001101100
1000000000000000000000000000111101011000100011001
1000000000000000000000000000111110110111001110100
1000000000000000000000000001000000111110110011110
1000000000000000000000000001000010001000000000010
1000000000000000000000000001000101000000100010110
1000000000000000000000000001000110100010110011011
1000000000000000000000000001001000100001010101110
1000000000000000000000000001001010100001100010110
1000000000000000000000000001001101110100101010011
1000000000000000000000000001001110001111011011101
1000000000000000000000000001010000101001011011011
1000000000000000000000000001010010100010100110000
1000000000000000000000000001010101011101010111011
1000000000000000000000000001010110010001100000011
1000000000000000000000000001011001110111011011111
1000000000000000000000000001011011101100110111010
1000000000000000000000000001011101110101000011011
1000000000000000000000000001011111011110010011110
1000000000000000000000000001100001001010010011110
1000000000000000000000000001100010110010101011110
1000000000000000000000000001100101001110110110001
1000000000000000000000000001100111111111100011110
1000000000000000000000000001101001100000111111001
1000000000000000000000000001101010001000010011000
1000000000000000000000000001101101101010010011110
1000000000000000000000000001101110010001000100110
1000000000000000000000000001110000000010000000100
1000000000000000000000000001110011101001011111100
1000000000000000000000000001110101111110010001111
1000000000000000000000000001110110000010010101100
1000000000000000000000000001111001010000011000001
1000000000000000000000000001111010001001110001010
1000000000000000000000000001111100110000000100010
1000000000000000000000000001111111010101010000111
1000000000000000000000000010000000001100100111011
1000000000000000000000000010000011100010011101001
1000000000000000000000000010000101010110101010010
1000000000000000000000000010000110011000001100101
1000000000000000000000000010001001101000000100011
1000000000000000000000000010001011110011001010000
1000000000000000000000000010001101110000100010000
1000000000000000000000000010001111001011000001000
1000000000000000000000000010010000001010110010110
1000000000000000000000000010010011110011111011111
1000000000000000000000000010010101011111001111100
1000000000000000000000000010010110011000011110100
1000000000000000000000000010011000111101000101100
1000000000000000000000000010011011001110100101110
1000000000000000000000000010011100111101101111110
1000000000000000000000000010011111100011011010000
1000000000000000000000000010100000110111101110111
1000000000000000000000000010100010010011001110110
1000000000000000000000000010100101100010001010101
1000000000000000000000000010100111110001100100101
1000000000000000000000000010101000110101100111101
1000000000000000000000000010101010001011001011111
1000000000000000000000000010101101011111111101011
1000000000000000000000000010101110010001001010011
1000000000000000000000000010110001001100100010101
1000000000000000000000000010110011000001011101110
1000000000000000000000000010110101101110010110111
1000000000000000000000000010110111001011001101110
1000000000000000000000000010111000100010100010110
1000000000000000000000000010111010100101010110011
1000000000000000000000000010111101001011000110100
1000000000000000000000000010111111000110011100101
1000000000000000000000000011000000101101010011100
1000000000000000000000000011000010001101011001011
1000000000000000000000000011000101111100000011110
1000000000000000000000000011000110110000000010011
1000000000000000000000000011001000111100001100010
1000000000000000000000000011001010110001111010101
1000000000000000000000000011001100101100000111110
1000000000000000000000000011001111001100111000001
1000000000000000000000000011010000001100001101001
1000000000000000000000000011010011110010011001000
1000000000000000000000000011010100101010001010100
1000000000000000000000000011010110011101010010100
1000000000000000000000000011011000100001110100001
1000000000000000000000000011011011001101000111101
1000000000000000000000000011011100010111100000010
1000000000000000000000000011011111010000011111100
1000000000000000000000000011100000110011110100000
1000000000000000000000000011100010010100111101011
1000000000000000000000000011100100011110010111000
1000000000000000000000000011100110100111010101110
1000000000000000000000000011101000110100101011111
1000000000000000000000000011101011011010001100111
1000000000000000000000000011101101101110110111111
1000000000000000000000000011101110011011001100100
1000000000000000000000000011110000001011111110010
1000000000000000000000000011110010101011011111000
1000000000000000000000000011110101010101100111100
1000000000000000000000000011110111110001101110100
1000000000000000000000000011111001101001110101011
1000000000000000000000000011111010001011111001001
1000000000000000000000000011111100011111000110001
1000000000000000000000000011111111010000011110101
1000000000000000000000000100000001101011010110011
1000000000000000000000000100000010111010100110000
1000000000000000000000000100000101000001111101001
1000000000000000000000000100000111010010001000111
1000000000000000000000000100001000010010010001101
1000000000000000000000000100001010011111111000011
1000000000000000000000000100001100011000010001110
1000000000000000000000000100001111000101011111101
1000000000000000000000000100010000011100001010111
1000000000000000000000000100010011110110010111010
1000000000000000000000000100010101010110000111010
1000000000000000000000000100010111010011010011110
1000000000000000000000000100011001101011010101000
1000000000000000000000000100011010000001100101001
1000000000000000000000000100011101010110101101111
1000000000000000000000000100011111001000111010101
1000000000000000000000000100100001110101000010011
1000000000000000000000000100100011100110010000100
1000000000000000000000000100100100100000001000110
1000000000000000000000000100100111100101000101101
1000000000000000000000000100101001100101101001110
1000000000000000000000000100101011001000011000100
1000000000000000000000000100101101011001000110011
1000000000000000000000000100101110001101011100011
1000000000000000000000000100110001011100001100001
1000000000000000000000000100110010010111011101111
1000000000000000000000000100110100011111011111111
1000000000000000000000000100110111110111101111010
1000000000000000000000000100111000111010110111101
1000000000000000000000000100111010100111110100000
1000000000000000000000000100111101001110011101000
1000000000000000000000000100111110010110110010101
1000000000000000000000000101000000100011000001010
1000000000000000000000000101000010001111010011111
1000000000000000000000000101000100110111010100100
1000000000000000000000000101000110101101010100100
1000000000000000000000000101001000101101100001110
1000000000000000000000000101001011001000110101101
1000000000000000000000000101001100000001000111100
1000000000000000000000000101001110101010111111110
1000000000000000000000000101010001110001011001011
1000000000000000000000000101010010101111010110110
1000000000000000000000000101010100101110110101111
1000000000000000000000000101010110100110110110010
1000000000000000000000000101011001101101101110000
1000000000000000000000000101011010110110100000010
1000000000000000000000000101011100101100100110011
1000000000000000000000000101011110001111011110011
1000000000000000000000000101100000111111010001011
1000000000000000000000000101100010001110101000111
1000000000000000000000000101100100110010001011110
1000000000000000000000000101100110011100101000100
1000000000000000000000000101101000100111000001010
1000000000000000000000000101101011001010110011010
1000000000000000000000000101101100110011101100011
1000000000000000000000000101101111001010110110100
1000000000000000000000000101110001110001011100011
1000000000000000000000000101110011110110010000001
1000000000000000000000000101110100111001000010101
1000000000000000000000000101110110110000010110110
1000000000000000000000000101111000100011001001101
1000000000000000000000000101111010011001010101001
1000000000000000000000000101111100100000000001010
1000000000000000000000000101111110111010110101101
1000000000000000000000000110000001010111110101011
1000000000000000000000000110000011111101011011001
1000000000000000000000000110000101111001100011111
1000000000000000000000000110000110100100111110111
1000000000000000000000000110001001000000010110110
1000000000000000000000000110001011000101100101000
1000000000000000000000000110001100101000110100011
1000000000000000000000000110001110110000110000000
1000000000000000000000000110010001010010000101001
1000000000000000000000000110010010010011000110011
1000000000000000000000000110010100011010011000110
1000000000000000000000000110010111011100111101010
1000000000000000000000000110011001011110010110000
1000000000000000000000000110011010110000111000010
1000000000000000000000000110011101111000011101001
1000000000000000000000000110011111110010001111000
1000000000000000000000000110100001010011100101001
1000000000000000000000000110100011001110001000000
1000000000000000000000000110100101011000011111110
1000000000000000000000000110100110110010101011110
1000000000000000000000000110101000100011100001010
1000000000000000000000000110101010100010011100000
1000000000000000000000000110101100011100100001111
1000000000000000000000000110101111000110001001101
1000000000000000000000000110110001000000010101001
1000000000000000000000000110110011000001101011111
1000000000000000000000000110110100110101010101010
1000000000000000000000000110110110100101101110010
1000000000000000000000000110111000110010110100010
1000000000000000000000000110111011000001001000111
1000000000000000000000000110111100111100111100001
1000000000000000000000000110111111111111101011001
1000000000000000000000000111000001001110101111100
1000000000000000000000000111000011111110011110110
1000000000000000000000000111000100010111011111100
1000000000000000000000000111000110111000011001011
1000000000000000000000000111001000011100011010000
1000000000000000000000000111001011100101000101001
1000000000000000000000000111001101100000010110110
1000000000000000000000000111001111011000010111010
1000000000000000000000000111010000010011010001010
1000000000000000000000000111010010101110111000010
1000000000000000000000000111010100101111000000100
1000000000000000000000000111010110001010111001001
1000000000000000000000000111011001111101111111000
1000000000000000000000000111011010111011101110001
1000000000000000000000000111011100011011101010101
1000000000000000000000000111011111011001110100001
1000000000000000000000000111100001111101011000111
1000000000000000000000000111100010100000010111110
1000000000000000000000000111100100100010100011111
1000000000000000000000000111100111101100001100010
1000000000000000000000000111101001001101100000000
1000000000000000000000000111101011111010100011110
1000000000000000000000000111101100001001111111011
1000000000000000000000000111101111100010110101100
1000000000000000000000000111110001011100110000111
1000000000000000000000000111110011101101101100001
1000000000000000000000000111110100001111010100110
1000000000000000000000000111110111010110111010010
1000000000000000000000000111111000000110101010011
1000000000000000000000000111111010100111110100000
1000000000000000000000000111111101100101101101001
1000000000000000000000000111111110000101000011111
000000000000000000000000000000000
000000000000000000000000000000001
000000000000000000000000000000010
000000000000000000000000000000011
000000000000000000000000000000100
000000000000000000000000000000101
000000000000000000000000000000110
000000000000000000000000000000111
000000000000000000000000000001000
000000000000000000000000000001001
000000000000000000000000000001010
000000000000000000000000000001011
000000000000000000000000000001100
000000000000000000000000000001101
000000000000000000000000000001110
000000000000000000000000000001111
000000000000000000000000000010000
000000000000000000000000000010001
000000000000000000000000000010010
000000000000000000000000000010011
000000000000000000000000000010100
000000000000000000000000000010101
000000000000000000000000000010110
000000000000000000000000000010111
000000000000000000000000000011000
000000000000000000000000000011001
000000000000000000000000000011010
000000000000000000000000000011011
000000000000000000000000000011100
000000000000000000000000000011101
000000000000000000000000000011110
000000000000000000000000000011111
000000000000000000000000000100000
000000000000000000000000000100001
000000000000000000000000000100010
000000000000000000000000000100011
000000000000000000000000000100100
000000000000000000000000000100101
000000000000000000000000000100110
000000000000000000000000000100111
000000000000000000000000000101000
000000000000000000000000000101001
000000000000000000000000000101010
000000000000000000000000000101011
000000000000000000000000000101100
000000000000000000000000000101101
000000000000000000000000000101110
000000000000000000000000000101111
000000000000000000000000000110000
000000000000000000000000000110001
000000000000000000000000000110010
000000000000000000000000000110011
000000000000000000000000000110100
000000000000000000000000000110101
000000000000000000000000000110110
000000000000000000000000000110111
000000000000000000000000000111000
000000000000000000000000000111001
000000000000000000000000000111010
000000000000000000000000000111011
000000000000000000000000000111100
000000000000000000000000000111101
000000000000000000000000000111110
000000000000000000000000000111111
000000000000000000000000001000000
000000000000000000000000001000001
000000000000000000000000001000010
000000000000000000000000001000011
000000000000000000000000001000100
000000000000000000000000001000101
000000000000000000000000001000110
000000000000000000000000001000111
000000000000000000000000001001000
000000000000000000000000001001001
000000000000000000000000001001010
000000000000000000000000001001011
000000000000000000000000001001100
000000000000000000000000001001101
000000000000000000000000001001110
000000000000000000000000001001111
000000000000000000000000001010000
000000000000000000000000001010001
000000000000000000000000001010010
000000000000000000000000001010011
000000000000000000000000001010100
000000000000000000000000001010101
000000000000000000000000001010110
000000000000000000000000001010111
000000000000000000000000001011000
000000000000000000000000001011001
000000000000000000000000001011010
000000000000000000000000001011011
000000000000000000000000001011100
000000000000000000000000001011101
000000000000000000000000001011110
000000000000000000000000001011111
000000000000000000000000001100000
000000000000000000000000001100001
000000000000000000000000001100010
000000000000000000000000001100011
000000000000000000000000001100100
000000000000000000000000001100101
000000000000000000000000001100110
000000000000000000000000001100111
000000000000000000000000001101000
000000000000000000000000001101001
000000000000000000000000001101010
000000000000000000000000001101011
000000000000000000000000001101100
000000000000000000000000001101101
000000000000000000000000001101110
000000000000000000000000001101111
000000000000000000000000001110000
000000000000000000000000001110001
000000000000000000000000001110010
000000000000000000000000001110011
000000000000000000000000001110100
000000000000000000000000001110101
000000000000000000000000001110110
000000000000000000000000001110111
000000000000000000000000001111000
000000000000000000000000001111001
000000000000000000000000001111010
000000000000000000000000001111011
000000000000000000000000001111100
000000000000000000000000001111101
000000000000000000000000001111110
000000000000000000000000001111111
000000000000000000000000010000000
000000000000000000000000010000001
000000000000000000000000010000010
000000000000000000000000010000011
000000000000000000000000010000100
000000000000000000000000010000101
000000000000000000000000010000110
000000000000000000000000010000111
000000000000000000000000010001000
000000000000000000000000010001001
000000000000000000000000010001010
000000000000000000000000010001011
000000000000000000000000010001100
000000000000000000000000010001101
000000000000000000000000010001110
000000000000000000000000010001111
000000000000000000000000010010000
000000000000000000000000010010001
000000000000000000000000010010010
000000000000000000000000010010011
000000000000000000000000010010100
000000000000000000000000010010101
000000000000000000000000010010110
000000000000000000000000010010111
000000000000000000000000010011000
000000000000000000000000010011001
000000000000000000000000010011010
000000000000000000000000010011011
000000000000000000000000010011100
000000000000000000000000010011101
000000000000000000000000010011110
000000000000000000000000010011111
000000000000000000000000010100000
000000000000000000000000010100001
000000000000000000000000010100010
000000000000000000000000010100011
000000000000000000000000010100100
000000000000000000000000010100101
000000000000000000000000010100110
000000000000000000000000010100111
000000000000000000000000010101000
000000000000000000000000010101001
000000000000000000000000010101010
000000000000000000000000010101011
000000000000000000000000010101100
000000000000000000000000010101101
000000000000000000000000010101110
000000000000000000000000010101111
000000000000000000000000010110000
000000000000000000000000010110001
000000000000000000000000010110010
000000000000000000000000010110011
000000000000000000000000010110100
000000000000000000000000010110101
000000000000000000000000010110110
000000000000000000000000010110111
000000000000000000000000010111000
000000000000000000000000010111001
000000000000000000000000010111010
000000000000000000000000010111011
000000000000000000000000010111100
000000000000000000000000010111101
000000000000000000000000010111110
000000000000000000000000010111111
000000000000000000000000011000000
000000000000000000000000011000001
000000000000000000000000011000010
000000000000000000000000011000011
000000000000000000000000011000100
000000000000000000000000011000101
000000000000000000000000011000110
000000000000000000000000011000111
000000000000000000000000011001000
000000000000000000000000011001001
000000000000000000000000011001010
000000000000000000000000011001011
000000000000000000000000011001100
000000000000000000000000011001101
000000000000000000000000011001110
000000000000000000000000011001111
000000000000000000000000011010000
000000000000000000000000011010001
000000000000000000000000011010010
000000000000000000000000011010011
000000000000000000000000011010100
000000000000000000000000011010101
000000000000000000000000011010110
000000000000000000000000011010111
000000000000000000000000011011000
000000000000000000000000011011001
000000000000000000000000011011010
000000000000000000000000011011011
000000000000000000000000011011100
000000000000000000000000011011101
000000000000000000000000011011110
000000000000000000000000011011111
000000000000000000000000011100000
000000000000000000000000011100001
000000000000000000000000011100010
000000000000000000000000011100011
000000000000000000000000011100100
000000000000000000000000011100101
000000000000000000000000011100110
000000000000000000000000011100111
000000000000000000000000011101000
000000000000000000000000011101001
000000000000000000000000011101010
000000000000000000000000011101011
000000000000000000000000011101100
000000000000000000000000011101101
000000000000000000000000011101110
000000000000000000000000011101111
000000000000000000000000011110000
000000000000000000000000011110001
000000000000000000000000011110010
000000000000000000000000011110011
000000000000000000000000011110100
000000000000000000000000011110101
000000000000000000000000011110110
000000000000000000000000011110111
000000000000000000000000011111000
000000000000000000000000011111001
000000000000000000000000011111010
000000000000000000000000011111011
000000000000000000000000011111100
000000000000000000000000011111101
000000000000000000000000011111110
000000000000000000000000011111111
