1000111100011111
0000000000000010
1111101000101111
1100111001001000
1001111101010011
1100111100110001
0100000010111101
0111011111001010
0100010111011011
1111100011101001
1101010101000111
1001001010100001
1101110001111000
1010011001101111
0010110101011110
1110100010001001
1010110100010111
0110110100101101
0000110001011101
1111100010101100
1101001000100000
0100100000111010
0010000111110111
0010100110111011
1010011011011111
0010010100100000
1011100111011111
1101011000111010
1000100000000111
1110011010011001
1010100001100100
1100000000111000
0001111000110001
1001101010110000
1010100110011000
1001011001110000
0110011010010100
1011011001010000
1000110110110101
0101110000011100
0111110111100001
1110001110110100
0011001001111011
1111110011010011
0011001111000111
1110101001100110
0101101000010100
0100110011011100
1010001011100110
0111110001010101
1101010011111000
1110001100011011
0101101101110101
1010110010010111
0011011100001011
1111111010111011
1110010010110110
0100011110011101
0001001011001000
1101001101001111
1100100011011110
1101000110111010
1110011111010101
1101000111010001
0111110111100100
0101010100010000
1010111000001101
1101111100101001
0001011110111001
0000010001010001
1101001010111001
0111010010010111
1101001011101101
1110100011001011
0000011001000010
0001011110111100
0001111001101000
1101000110111000
1111111001011100
1000100010010110
1110000010101011
1110101110000010
1000011110010011
0111011100101101
0011001001110100
1101001001101110
1010011110001111
0011101010000110
1110001011000001
1110111100010110
0001101111001110
1010010001101011
0101110100100110
1010101110111010
1110101000011001
0110111100101001
0010001100111000
1100110000101100
1011101011001111
0100001100111011
1011001011011101
0011001110100011
1101101100011000
0000010110011100
0101011000101001
1100000010101101
1000101100010011
1100101111101100
0110000010110011
1101111010010001
0101111010010010
1000000100010100
0010110100100000
0010001101000001
1100111101101111
0111110100111111
1101101111110011
0001110010110101
1010101101111110
0010001000011101
0110111100011011
0011000010000111
1100011100011110
0011000000011111
0111101001110001
0010110111010101
1111101111111010
1110111101000011
1001010001010111
1010101001111010
0101111010100111
1100100100001000
1011010000111101
1000011111011100
1001110101001011
0011000000101100
1111011100110001
1101110101011110
1110011111110100
1110000011111110
1001110001101010
1111000010100000
1110101110011110
1110111110111101
1110001100010110
1010111001000100
1000001010100000
0001010101010011
1111110010011000
1000010110011101
1011111001010100
1111010111100100
0111101010111000
0000000010101000
0111001100001010
1111001101001000
1100100000011100
0100001101110001
0101111110011000
0010110001011111
0100001011000110
0111001110111110
1011011101100000
1111001011000010
1101001001011001
0101101101101001
1101111001111111
1100111110001110
1100011101111001
1111010000100010
0111110010101110
0111001001000001
0011000010011011
0011111001000101
1100001010101011
0000010001000000
0101000011011001
0111101101001001
1000101000110000
1110110001110111
1110000010010110
1100111010011000
1001001000000011
1010110100010110
0100110001111110
1000011100111100
0010010111000010
0110000000111100
1001101100110110
1010001110011100
1000110011100100
1001000000011110
1010100110111110
0001100011011001
1101111001101010
1100101001110010
0110001100100101
1101101011011110
0100101111001110
0001001001010000
1001101001001010
0101100000111101
1001000110011100
0110110111100101
1000101111010100
1001001000001001
0111101100110010
0000100010010000
1000101010011100
1101110110110011
1100101101010001
0100101010111100
1000110110100110
1011000010100010
1111011000100001
1101111101010110
1001001000111010
0110000000001110
0101001110111101
1010011000000000
1010111000111011
1011011010010001
0011110100010011
0110000011111110
0000111001011011
1000000101111010
0100001001010011
1001111010110011
0100001100111111
0011110101100110
1100000010111100
1001000110010100
0011010100100000
1001110111100000
0000001011111001
0101101101110010
0011110111010100
1100010000011110
1111101011110100
0110111001011110
0010100000000111
1100110100010111
1101100001011000
1100011110100000
0000100000000001
1010010111100110
0001011100000001
1111100011110100
0111000010001101
0100101111110110
0001010111011011
1111010111001110
0100100010111101
1011100011101111
1011000110011100
1101010000100000
1000110000110100
0110010101110000
0000000000000011
0000111100010111
