1000000000000000000000000000000001111101000101111
1000000000000000000000000000000011100111001001000
1000000000000000000000000000000101001111101010011
1000000000000000000000000000000111100111100110001
1000000000000000000000000000001000100000010111101
1000000000000000000000000000001010111011111001010
1000000000000000000000000000001100100010111011011
1000000000000000000000000000001111111100011101001
1000000000000000000000000000010001101010101000111
1000000000000000000000000000010011001001010100001
1000000000000000000000000000010101101110001111000
1000000000000000000000000000010111010011001101111
1000000000000000000000000000011000010110101011110
1000000000000000000000000000011011110100010001001
1000000000000000000000000000011101010110100010111
1000000000000000000000000000011110110110100101101
1000000000000000000000000000100000000110001011101
1000000000000000000000000000100011111100010101100
1000000000000000000000000000100101101001000100000
1000000000000000000000000000100110100100000111010
1000000000000000000000000000101000010000111110111
1000000000000000000000000000101010010100110111011
1000000000000000000000000000101101010011011011111
1000000000000000000000000000101110010010100100000
1000000000000000000000000000110001011100111011111
1000000000000000000000000000110011101011000111010
1000000000000000000000000000110101000100000000111
1000000000000000000000000000110111110011010011001
1000000000000000000000000000111001010100001100100
1000000000000000000000000000111011100000000111000
1000000000000000000000000000111100001111000110001
1000000000000000000000000000111111001101010110000
1000000000000000000000000001000001010100110011000
1000000000000000000000000001000011001011001110000
1000000000000000000000000001000100110011010010100
1000000000000000000000000001000111011011001010000
1000000000000000000000000001001001000110110110101
1000000000000000000000000001001010101110000011100
1000000000000000000000000001001100111110111100001
1000000000000000000000000001001111110001110110100
1000000000000000000000000001010000011001001111011
1000000000000000000000000001010011111110011010011
1000000000000000000000000001010100011001111000111
1000000000000000000000000001010111110101001100110
1000000000000000000000000001011000101101000010100
1000000000000000000000000001011010100110011011100
1000000000000000000000000001011101010001011100110
1000000000000000000000000001011110111110001010101
1000000000000000000000000001100001101010011111000
1000000000000000000000000001100011110001100011011
1000000000000000000000000001100100101101101110101
1000000000000000000000000001100111010110010010111
1000000000000000000000000001101000011011100001011
1000000000000000000000000001101011111111010111011
1000000000000000000000000001101101110010010110110
1000000000000000000000000001101110100011110011101
1000000000000000000000000001110000001001011001000
1000000000000000000000000001110011101001101001111
1000000000000000000000000001110101100100011011110
1000000000000000000000000001110111101000110111010
1000000000000000000000000001111001110011111010101
1000000000000000000000000001111011101000111010001
1000000000000000000000000001111100111110111100100
1000000000000000000000000001111110101010100010000
1000000000000000000000000010000001010111000001101
1000000000000000000000000010000011101111100101001
1000000000000000000000000010000100001011110111001
1000000000000000000000000010000110000010001010001
1000000000000000000000000010001001101001010111001
1000000000000000000000000010001010111010010010111
1000000000000000000000000010001101101001011101101
1000000000000000000000000010001111110100011001011
1000000000000000000000000010010000000011001000010
1000000000000000000000000010010010001011110111100
1000000000000000000000000010010100001111001101000
1000000000000000000000000010010111101000110111000
1000000000000000000000000010011001111111001011100
1000000000000000000000000010011011000100010010110
1000000000000000000000000010011101110000010101011
1000000000000000000000000010011111110101110000010
1000000000000000000000000010100001000011110010011
1000000000000000000000000010100010111011100101101
1000000000000000000000000010100100011001001110100
1000000000000000000000000010100111101001001101110
1000000000000000000000000010101001010011110001111
1000000000000000000000000010101010011101010000110
1000000000000000000000000010101101110001011000001
1000000000000000000000000010101111110111100010110
1000000000000000000000000010110000001101111001110
1000000000000000000000000010110011010010001101011
1000000000000000000000000010110100101110100100110
1000000000000000000000000010110111010101110111010
1000000000000000000000000010111001110101000011001
1000000000000000000000000010111010110111100101001
1000000000000000000000000010111100010001100111000
1000000000000000000000000010111111100110000101100
1000000000000000000000000011000001011101011001111
1000000000000000000000000011000010100001100111011
1000000000000000000000000011000101011001011011101
1000000000000000000000000011000110011001110100011
1000000000000000000000000011001001101101100011000
1000000000000000000000000011001010000010110011100
1000000000000000000000000011001100101011000101001
1000000000000000000000000011001111100000010101101
1000000000000000000000000011010001000101100010011
1000000000000000000000000011010011100101111101100
1000000000000000000000000011010100110000010110011
1000000000000000000000000011010111101111010010001
1000000000000000000000000011011000101111010010010
1000000000000000000000000011011011000000100010100
1000000000000000000000000011011100010110100100000
1000000000000000000000000011011110010001101000001
1000000000000000000000000011100001100111101101111
1000000000000000000000000011100010111110100111111
1000000000000000000000000011100101101101111110011
1000000000000000000000000011100110001110010110101
1000000000000000000000000011101001010101101111110
1000000000000000000000000011101010010001000011101
1000000000000000000000000011101100110111100011011
1000000000000000000000000011101110011000010000111
1000000000000000000000000011110001100011100011110
1000000000000000000000000011110010011000000011111
1000000000000000000000000011110100111101001110001
1000000000000000000000000011110110010110111010101
1000000000000000000000000011111001111101111111010
1000000000000000000000000011111011110111101000011
1000000000000000000000000011111101001010001010111
1000000000000000000000000011111111010101001111010
1000000000000000000000000100000000101111010100111
1000000000000000000000000100000011100100100001000
1000000000000000000000000100000101011010000111101
1000000000000000000000000100000111000011111011100
1000000000000000000000000100001001001110101001011
1000000000000000000000000100001010011000000101100
1000000000000000000000000100001101111011100110001
1000000000000000000000000100001111101110101011110
1000000000000000000000000100010001110011111110100
1000000000000000000000000100010011110000011111110
1000000000000000000000000100010101001110001101010
1000000000000000000000000100010111111000010100000
1000000000000000000000000100011001110101110011110
1000000000000000000000000100011011110111110111101
1000000000000000000000000100011101110001100010110
1000000000000000000000000100011111010111001000100
1000000000000000000000000100100001000001010100000
1000000000000000000000000100100010001010101010011
1000000000000000000000000100100101111110010011000
1000000000000000000000000100100111000010110011101
1000000000000000000000000100101001011111001010100
1000000000000000000000000100101011111010111100100
1000000000000000000000000100101100111101010111000
1000000000000000000000000100101110000000010101000
1000000000000000000000000100110000111001100001010
1000000000000000000000000100110011111001101001000
1000000000000000000000000100110101100100000011100
1000000000000000000000000100110110100001101110001
1000000000000000000000000100111000101111110011000
1000000000000000000000000100111010010110001011111
1000000000000000000000000100111100100001011000110
1000000000000000000000000100111110111001110111110
1000000000000000000000000101000001011011101100000
1000000000000000000000000101000011111001011000010
1000000000000000000000000101000101101001001011001
1000000000000000000000000101000110101101101101001
1000000000000000000000000101001001101111001111111
1000000000000000000000000101001011100111110001110
1000000000000000000000000101001101100011101111001
1000000000000000000000000101001111111010000100010
1000000000000000000000000101010000111110010101110
1000000000000000000000000101010010111001001000001
1000000000000000000000000101010100011000010011011
1000000000000000000000000101010110011111001000101
1000000000000000000000000101011001100001010101011
1000000000000000000000000101011010000010001000000
1000000000000000000000000101011100101000011011001
1000000000000000000000000101011110111101101001001
1000000000000000000000000101100001000101000110000
1000000000000000000000000101100011110110001110111
1000000000000000000000000101100101110000010010110
1000000000000000000000000101100111100111010011000
1000000000000000000000000101101001001001000000011
1000000000000000000000000101101011010110100010110
1000000000000000000000000101101100100110001111110
1000000000000000000000000101101111000011100111100
1000000000000000000000000101110000010010111000010
1000000000000000000000000101110010110000000111100
1000000000000000000000000101110101001101100110110
1000000000000000000000000101110111010001110011100
1000000000000000000000000101111001000110011100100
1000000000000000000000000101111011001000000011110
1000000000000000000000000101111101010100110111110
1000000000000000000000000101111110001100011011001
1000000000000000000000000110000001101111001101010
1000000000000000000000000110000011100101001110010
1000000000000000000000000110000100110001100100101
1000000000000000000000000110000111101101011011110
1000000000000000000000000110001000100101111001110
1000000000000000000000000110001010001001001010000
1000000000000000000000000110001101001101001001010
1000000000000000000000000110001110101100000111101
1000000000000000000000000110010001001000110011100
1000000000000000000000000110010010110110111100101
1000000000000000000000000110010101000101111010100
1000000000000000000000000110010111001001000001001
1000000000000000000000000110011000111101100110010
1000000000000000000000000110011010000100010010000
1000000000000000000000000110011101000101010011100
1000000000000000000000000110011111101110110110011
1000000000000000000000000110100001100101101010001
1000000000000000000000000110100010100101010111100
1000000000000000000000000110100101000110110100110
1000000000000000000000000110100111011000010100010
1000000000000000000000000110101001111011000100001
1000000000000000000000000110101011101111101010110
1000000000000000000000000110101101001001000111010
1000000000000000000000000110101110110000000001110
1000000000000000000000000110110000101001110111101
1000000000000000000000000110110011010011000000000
1000000000000000000000000110110101010111000111011
1000000000000000000000000110110111011011010010001
1000000000000000000000000110111000011110100010011
1000000000000000000000000110111010110000011111110
1000000000000000000000000110111100000111001011011
1000000000000000000000000110111111000000101111010
1000000000000000000000000111000000100001001010011
1000000000000000000000000111000011001111010110011
1000000000000000000000000111000100100001100111111
1000000000000000000000000111000110011110101100110
1000000000000000000000000111001001100000010111100
1000000000000000000000000111001011001000110010100
1000000000000000000000000111001100011010100100000
1000000000000000000000000111001111001110111100000
1000000000000000000000000111010000000001011111001
1000000000000000000000000111010010101101101110010
1000000000000000000000000111010100011110111010100
1000000000000000000000000111010111100010000011110
1000000000000000000000000111011001111101011110100
1000000000000000000000000111011010110111001011110
1000000000000000000000000111011100010100000000111
1000000000000000000000000111011111100110100010111
1000000000000000000000000111100001101100001011000
1000000000000000000000000111100011100011110100000
1000000000000000000000000111100100000100000000001
1000000000000000000000000111100111010010111100110
1000000000000000000000000111101000001011100000001
1000000000000000000000000111101011111100011110100
1000000000000000000000000111101100111000010001101
1000000000000000000000000111101110100101111110110
1000000000000000000000000111110000001010111011011
1000000000000000000000000111110011111010111001110
1000000000000000000000000111110100100100010111101
1000000000000000000000000111110111011100011101111
1000000000000000000000000111111001011000110011100
1000000000000000000000000111111011101010000100000
1000000000000000000000000111111101000110000110100
1000000000000000000000000111111110110010101110000
000000000000000000000000000000000
000000000000000000000000000000001
000000000000000000000000000000010
000000000000000000000000000000011
000000000000000000000000000000100
000000000000000000000000000000101
000000000000000000000000000000110
000000000000000000000000000000111
000000000000000000000000000001000
000000000000000000000000000001001
000000000000000000000000000001010
000000000000000000000000000001011
000000000000000000000000000001100
000000000000000000000000000001101
000000000000000000000000000001110
000000000000000000000000000001111
000000000000000000000000000010000
000000000000000000000000000010001
000000000000000000000000000010010
000000000000000000000000000010011
000000000000000000000000000010100
000000000000000000000000000010101
000000000000000000000000000010110
000000000000000000000000000010111
000000000000000000000000000011000
000000000000000000000000000011001
000000000000000000000000000011010
000000000000000000000000000011011
000000000000000000000000000011100
000000000000000000000000000011101
000000000000000000000000000011110
000000000000000000000000000011111
000000000000000000000000000100000
000000000000000000000000000100001
000000000000000000000000000100010
000000000000000000000000000100011
000000000000000000000000000100100
000000000000000000000000000100101
000000000000000000000000000100110
000000000000000000000000000100111
000000000000000000000000000101000
000000000000000000000000000101001
000000000000000000000000000101010
000000000000000000000000000101011
000000000000000000000000000101100
000000000000000000000000000101101
000000000000000000000000000101110
000000000000000000000000000101111
000000000000000000000000000110000
000000000000000000000000000110001
000000000000000000000000000110010
000000000000000000000000000110011
000000000000000000000000000110100
000000000000000000000000000110101
000000000000000000000000000110110
000000000000000000000000000110111
000000000000000000000000000111000
000000000000000000000000000111001
000000000000000000000000000111010
000000000000000000000000000111011
000000000000000000000000000111100
000000000000000000000000000111101
000000000000000000000000000111110
000000000000000000000000000111111
000000000000000000000000001000000
000000000000000000000000001000001
000000000000000000000000001000010
000000000000000000000000001000011
000000000000000000000000001000100
000000000000000000000000001000101
000000000000000000000000001000110
000000000000000000000000001000111
000000000000000000000000001001000
000000000000000000000000001001001
000000000000000000000000001001010
000000000000000000000000001001011
000000000000000000000000001001100
000000000000000000000000001001101
000000000000000000000000001001110
000000000000000000000000001001111
000000000000000000000000001010000
000000000000000000000000001010001
000000000000000000000000001010010
000000000000000000000000001010011
000000000000000000000000001010100
000000000000000000000000001010101
000000000000000000000000001010110
000000000000000000000000001010111
000000000000000000000000001011000
000000000000000000000000001011001
000000000000000000000000001011010
000000000000000000000000001011011
000000000000000000000000001011100
000000000000000000000000001011101
000000000000000000000000001011110
000000000000000000000000001011111
000000000000000000000000001100000
000000000000000000000000001100001
000000000000000000000000001100010
000000000000000000000000001100011
000000000000000000000000001100100
000000000000000000000000001100101
000000000000000000000000001100110
000000000000000000000000001100111
000000000000000000000000001101000
000000000000000000000000001101001
000000000000000000000000001101010
000000000000000000000000001101011
000000000000000000000000001101100
000000000000000000000000001101101
000000000000000000000000001101110
000000000000000000000000001101111
000000000000000000000000001110000
000000000000000000000000001110001
000000000000000000000000001110010
000000000000000000000000001110011
000000000000000000000000001110100
000000000000000000000000001110101
000000000000000000000000001110110
000000000000000000000000001110111
000000000000000000000000001111000
000000000000000000000000001111001
000000000000000000000000001111010
000000000000000000000000001111011
000000000000000000000000001111100
000000000000000000000000001111101
000000000000000000000000001111110
000000000000000000000000001111111
000000000000000000000000010000000
000000000000000000000000010000001
000000000000000000000000010000010
000000000000000000000000010000011
000000000000000000000000010000100
000000000000000000000000010000101
000000000000000000000000010000110
000000000000000000000000010000111
000000000000000000000000010001000
000000000000000000000000010001001
000000000000000000000000010001010
000000000000000000000000010001011
000000000000000000000000010001100
000000000000000000000000010001101
000000000000000000000000010001110
000000000000000000000000010001111
000000000000000000000000010010000
000000000000000000000000010010001
000000000000000000000000010010010
000000000000000000000000010010011
000000000000000000000000010010100
000000000000000000000000010010101
000000000000000000000000010010110
000000000000000000000000010010111
000000000000000000000000010011000
000000000000000000000000010011001
000000000000000000000000010011010
000000000000000000000000010011011
000000000000000000000000010011100
000000000000000000000000010011101
000000000000000000000000010011110
000000000000000000000000010011111
000000000000000000000000010100000
000000000000000000000000010100001
000000000000000000000000010100010
000000000000000000000000010100011
000000000000000000000000010100100
000000000000000000000000010100101
000000000000000000000000010100110
000000000000000000000000010100111
000000000000000000000000010101000
000000000000000000000000010101001
000000000000000000000000010101010
000000000000000000000000010101011
000000000000000000000000010101100
000000000000000000000000010101101
000000000000000000000000010101110
000000000000000000000000010101111
000000000000000000000000010110000
000000000000000000000000010110001
000000000000000000000000010110010
000000000000000000000000010110011
000000000000000000000000010110100
000000000000000000000000010110101
000000000000000000000000010110110
000000000000000000000000010110111
000000000000000000000000010111000
000000000000000000000000010111001
000000000000000000000000010111010
000000000000000000000000010111011
000000000000000000000000010111100
000000000000000000000000010111101
000000000000000000000000010111110
000000000000000000000000010111111
000000000000000000000000011000000
000000000000000000000000011000001
000000000000000000000000011000010
000000000000000000000000011000011
000000000000000000000000011000100
000000000000000000000000011000101
000000000000000000000000011000110
000000000000000000000000011000111
000000000000000000000000011001000
000000000000000000000000011001001
000000000000000000000000011001010
000000000000000000000000011001011
000000000000000000000000011001100
000000000000000000000000011001101
000000000000000000000000011001110
000000000000000000000000011001111
000000000000000000000000011010000
000000000000000000000000011010001
000000000000000000000000011010010
000000000000000000000000011010011
000000000000000000000000011010100
000000000000000000000000011010101
000000000000000000000000011010110
000000000000000000000000011010111
000000000000000000000000011011000
000000000000000000000000011011001
000000000000000000000000011011010
000000000000000000000000011011011
000000000000000000000000011011100
000000000000000000000000011011101
000000000000000000000000011011110
000000000000000000000000011011111
000000000000000000000000011100000
000000000000000000000000011100001
000000000000000000000000011100010
000000000000000000000000011100011
000000000000000000000000011100100
000000000000000000000000011100101
000000000000000000000000011100110
000000000000000000000000011100111
000000000000000000000000011101000
000000000000000000000000011101001
000000000000000000000000011101010
000000000000000000000000011101011
000000000000000000000000011101100
000000000000000000000000011101101
000000000000000000000000011101110
000000000000000000000000011101111
000000000000000000000000011110000
000000000000000000000000011110001
000000000000000000000000011110010
000000000000000000000000011110011
000000000000000000000000011110100
000000000000000000000000011110101
000000000000000000000000011110110
000000000000000000000000011110111
000000000000000000000000011111000
000000000000000000000000011111001
000000000000000000000000011111010
000000000000000000000000011111011
000000000000000000000000011111100
000000000000000000000000011111101
000000000000000000000000011111110
000000000000000000000000011111111
1000000000100000000000000000000000000000000000011
000000000010000000000000000000000
