1000111100011111
0000000000000010
0101010000101101
1000010111000001
1011100100011101
1011101011101110
0000100010010100
1010001101101101
0000001101010010
0001110011111100
1111000000010101
1101010000111110
0010101111001111
0111110101011011
0100000000001101
0000101010010111
1001000101001000
0010001010110001
0111100101001101
1001000011000001
0100100110001010
0011010111011010
1110000011001101
0010000000001111
1001101001111010
1011001011000001
0001000001110100
1000001101101101
0101000010011000
1011111001110100
0110010001100000
0000010110101000
0101101100110100
0100001111101101
1101101110100110
1010110100101111
0011111100010110
0101110111111011
1110010110010110
0111001100111101
1011011100100100
0111010101100001
1101111101111011
0101111010101010
0001111101010010
0000100001010000
0100111101101000
1000001110101111
0011111001001111
0001000111100011
0110010001001001
0011111101010100
0001010111000110
0110001101110011
1101100110101010
1110100110100100
0011010101010111
1110010111001110
0100000000100000
1100010111100100
1110100110001110
1000100001010000
0110101100101100
0011111001100111
1000010010100111
0100110101110111
0001101010011100
0111110011111001
1011001000111010
0010100000011000
0100101101010111
0000111111001111
1111101010100101
0100010100010011
1001111011111000
1010001001000110
0001001011110000
1100111000100010
1010111010110010
1100001000111000
1011100010010100
1001001101000001
1101111000010110
0011100111011011
0111101111010000
1100001111111101
1100010111010010
0110111111110011
0100101001010101
1100101100111110
0110010101011111
1101001110011101
1100111011000000
0000001110111011
1111010110111000
1101101011001010
1111110011011110
0001001111111001
0001110001111101
1100101100010000
0101000000000011
0101000100101001
0000111010101110
0000000000100000
1101111001011011
0000110000000000
0001110101110010
1111110010011110
0100011110000100
1010000001110000
0001100110011010
0000111101010100
0010011011111000
0101000011110010
1111100110100110
1110010110010001
1111110110101011
1100111010000010
0010010001100001
0111000000110010
1110010110010110
0010010001010001
1100001010110000
1001110000101000
1111011000101011
1000011011001110
1110101001110011
1110011110000101
0011001110101010
1000110011000101
0110101100100010
0000110001000101
0100111110111000
1011000001111000
1011100111100111
1010110100000000
0111001110010011
1000001101110101
0110010010111101
0100111111000010
0110110000011110
0001011001101011
1000101010110010
1111110110101110
1011010010100011
1000010110100110
1110001101100101
1000011011110001
1110011111001111
0111000110001100
0111110011010011
1011001001110011
1110110101010111
1001100111001100
1011011101011101
1101100010000101
1101010001011000
1101000100110100
1100110100000111
1100101001100000
0101001011000100
1000001111000111
0010111001010111
0000110011110000
1111000101100110
0101100001010100
1010110110000110
1100010111100100
1011010000010100
1100001011100001
0111111101111101
0110000001000111
0000010110101110
1011101000010110
0001111110111011
1111100101111101
1010001010001100
0001110011010011
0110101100101110
0101100101011110
0011101001110010
0110110101100111
1010011010010010
1111111111001110
1010000101000111
1111100010111011
1110111111001000
0010101111101001
0100101000111011
1101101011101100
0100001000111011
1110011001000000
1101100100010011
0111111100001110
0001101010001011
1101010010001011
1110101100110110
0010001111010111
1011101110010101
1111011110010001
0101111111100111
1011010011011000
0111001111001011
0010001011001011
1010000011011011
1001100001000111
1000011100011100
0001111110010100
1011010011010101
1110000100100011
1000011100100010
1111000010100010
0001111100001000
1010010110001101
1110100110000010
0001000001101011
0100000101001010
0100110101001000
1011000101110100
0000011101101100
0010111111000010
1011100111110101
0001110111110101
0001000000010011
1110111000111111
0111001010101010
0011111110100111
1010001000000110
0100100111111101
0010101001011011
1010001100101110
1011011111010100
1110001000001101
0100001100010010
0101100010100110
0001101010000000
1100111110001001
1000110010011111
0010111011110001
1010011110010110
0101001010110110
1000000101111001
1100111110000101
0110110100000101
1011110101110010
1000111000110011
1000101110110100
1000101011000100
1011111110000001
0011101100011001
0010100101001010
1101000111011110
0111011010101101
0010000010100000
0010001111010000
0011111000110001
1001001111000011
0001011011011101
0000000000000000
