1000000000000000000000000000000000101010010110100
1000000000000000000000000000000010010101111111101
1000000000000000000000000000000101110101000010010
1000000000000000000000000000000110111111000001110
1000000000000000000000000000001001111001101111011
1000000000000000000000000000001010010101010111100
1000000000000000000000000000001101010110001101010
1000000000000000000000000000001111101010110101100
1000000000000000000000000000010001101011101101010
1000000000000000000000000000010010001111001000001
1000000000000000000000000000010101011111011100001
1000000000000000000000000000010110110110010101101
1000000000000000000000000000011001100010011010110
1000000000000000000000000000011010011010011011010
1000000000000000000000000000011100000001110111101
1000000000000000000000000000011111110101110110101
1000000000000000000000000000100000100101101111001
1000000000000000000000000000100011011010100010101
1000000000000000000000000000100101001001010001100
1000000000000000000000000000100110001011110111010
1000000000000000000000000000101001111111000000011
1000000000000000000000000000101010110001010101111
1000000000000000000000000000101100110101010111101
1000000000000000000000000000101110111100000100101
1000000000000000000000000000110001000101001100111
1000000000000000000000000000110010010100010010000
1000000000000000000000000000110100011110110000000
1000000000000000000000000000110110111101010111010
1000000000000000000000000000111000100001001010101
1000000000000000000000000000111011000011110011010
1000000000000000000000000000111101111001001000101
1000000000000000000000000000111110110001101110100
1000000000000000000000000001000001010010100101001
1000000000000000000000000001000010010011001110100
1000000000000000000000000001000101111010111001010
1000000000000000000000000001000110010100111111101
1000000000000000000000000001001001000110111101000
1000000000000000000000000001001010100010111010111
1000000000000000000000000001001100110010001100101
1000000000000000000000000001001110001010010011000
1000000000000000000000000001010001001010101111010
1000000000000000000000000001010011010001101101000
1000000000000000000000000001010100111110101111110
1000000000000000000000000001010111110011111000111
1000000000000000000000000001011000100111110100000
1000000000000000000000000001011010110011011011000
1000000000000000000000000001011101001110011011110
1000000000000000000000000001011110100111110101001
1000000000000000000000000001100000110110110001111
1000000000000000000000000001100010100001011000011
1000000000000000000000000001100100101011011101111
1000000000000000000000000001100110011010001110111
1000000000000000000000000001101001110110111110100
1000000000000000000000000001101011100011000010011
1000000000000000000000000001101100000010100101010
1000000000000000000000000001101110000011001101001
1000000000000000000000000001110001110001111101100
1000000000000000000000000001110010010111010000101
1000000000000000000000000001110101001011111101110
1000000000000000000000000001110111111111000100010
1000000000000000000000000001111001001110000000000
1000000000000000000000000001111010000111110010110
1000000000000000000000000001111100100110010111000
1000000000000000000000000001111110001001110101101
1000000000000000000000000010000001000110011000110
1000000000000000000000000010000010010101000010110
1000000000000000000000000010000100010110010111101
1000000000000000000000000010000111001111101000011
1000000000000000000000000010001000111010000111101
1000000000000000000000000010001010011011000110110
1000000000000000000000000010001101010000100100100
1000000000000000000000000010001110010101101001001
1000000000000000000000000010010000111101110000001
1000000000000000000000000010010010101000100010000
1000000000000000000000000010010101101001010101100
1000000000000000000000000010010111010101101011001
1000000000000000000000000010011000011010111110011
1000000000000000000000000010011010010100000010010
1000000000000000000000000010011100001001100011111
1000000000000000000000000010011111100011101111101
1000000000000000000000000010100001000000111000110
1000000000000000000000000010100011011010001011001
1000000000000000000000000010100100010011010110101
1000000000000000000000000010100111011000011111001
1000000000000000000000000010101001110101100000111
1000000000000000000000000010101011010010100010100
1000000000000000000000000010101101000111101100100
1000000000000000000000000010101111101011000110100
1000000000000000000000000010110000100010011010111
1000000000000000000000000010110011100011001000101
1000000000000000000000000010110100110101011001111
1000000000000000000000000010110111001110100011100
1000000000000000000000000010111001011000011111001
1000000000000000000000000010111010000101011100111
1000000000000000000000000010111101011111100100110
1000000000000000000000000010111111000000001101100
1000000000000000000000000011000000110110010111000
1000000000000000000000000011000010100100110111010
1000000000000000000000000011000100101001111100101
1000000000000000000000000011000111000100000100111
1000000000000000000000000011001001101111111010100
1000000000000000000000000011001010111000010110101
1000000000000000000000000011001101101010101011100
1000000000000000000000000011001110101011000001010
1000000000000000000000000011010000101011110001110
1000000000000000000000000011010010101000000111011
1000000000000000000000000011010101011011101010100
1000000000000000000000000011010110001000101000000
1000000000000000000000000011011001111101110000000
1000000000000000000000000011011011100110001011111
1000000000000000000000000011011101110010101100010
1000000000000000000000000011011110011110001111100
1000000000000000000000000011100001111100101110101
1000000000000000000000000011100010111011100000001
1000000000000000000000000011100101110111101001000
1000000000000000000000000011100110010110100101010
1000000000000000000000000011101000001100011111001
1000000000000000000000000011101011010001010001000
1000000000000000000000000011101101011101111011000
1000000000000000000000000011101110111101000011111
1000000000000000000000000011110001000010011011111
1000000000000000000000000011110011011001011010011
1000000000000000000000000011110101010110001011011
1000000000000000000000000011110110110011101001100
1000000000000000000000000011111001111101010111100
1000000000000000000000000011111011001100000111100
1000000000000000000000000011111100111011000101001
1000000000000000000000000011111110111000010100100
1000000000000000000000000100000001100101001010000
1000000000000000000000000100000011001011100101011
1000000000000000000000000100000100100100001000111
1000000000000000000000000100000111000111001111010
1000000000000000000000000100001000101011110100111
1000000000000000000000000100001010100010101101011
1000000000000000000000000100001100110111010111000
1000000000000000000000000100001110001001011100100
1000000000000000000000000100010000110101101111011
1000000000000000000000000100010010011110010100110
1000000000000000000000000100010101111111100010100
1000000000000000000000000100010110101010100000000
1000000000000000000000000100011001000001011000100
1000000000000000000000000100011011010100000101000
1000000000000000000000000100011100111011110101101
1000000000000000000000000100011111000001100110001
1000000000000000000000000100100000100000001111110
1000000000000000000000000100100011101110011100000
1000000000000000000000000100100100011111100001101
1000000000000000000000000100100110100010101101100
1000000000000000000000000100101000010111111011100
1000000000000000000000000100101010100000010111110
1000000000000000000000000100101100001111110101010
1000000000000000000000000100101111010010110001101
1000000000000000000000000100110001101011101010011
1000000000000000000000000100110011011101011011110
1000000000000000000000000100110100011110010111010
1000000000000000000000000100110111011011100001011
1000000000000000000000000100111001101110000000011
1000000000000000000000000100111010111100111001000
1000000000000000000000000100111100010100001111000
1000000000000000000000000100111110000111111101111
1000000000000000000000000101000000001110101000101
1000000000000000000000000101000010100110000000010
1000000000000000000000000101000101110011001110000
1000000000000000000000000101000110100000101100011
1000000000000000000000000101001000110010000000100
1000000000000000000000000101001010101001101010110
1000000000000000000000000101001100000010100111000
1000000000000000000000000101001110001110011010110
1000000000000000000000000101010000010010001000010
1000000000000000000000000101010010111110001011100
1000000000000000000000000101010100110010001000110
1000000000000000000000000101010110100011010001101
1000000000000000000000000101011000001110001001101
1000000000000000000000000101011011000101111010000
1000000000000000000000000101011101010000101101010
1000000000000000000000000101011111101010000001100
1000000000000000000000000101100000101101001100100
1000000000000000000000000101100011010000100010110
1000000000000000000000000101100101110110010010111
1000000000000000000000000101100111111000011010110
1000000000000000000000000101101000111000010000110
1000000000000000000000000101101011011111000110100
1000000000000000000000000101101101011001100000001
1000000000000000000000000101101110000000110010111
1000000000000000000000000101110000111111101001000
1000000000000000000000000101110011111100111000010
1000000000000000000000000101110101111110011110111
1000000000000000000000000101110110001101111110000
1000000000000000000000000101111001101110001011100
1000000000000000000000000101111010000111101101100
1000000000000000000000000101111101110000011101100
1000000000000000000000000101111111110011110001011
1000000000000000000000000110000000110110100010111
1000000000000000000000000110000011000011011010100
1000000000000000000000000110000100100011001111000
1000000000000000000000000110000111110111110100000
1000000000000000000000000110001001111011100000000
1000000000000000000000000110001011010001110101000
1000000000000000000000000110001101110101111101100
1000000000000000000000000110001110011100010111010
1000000000000000000000000110010001010001100000111
1000000000000000000000000110010010001100111000010
1000000000000000000000000110010100110011100111100
1000000000000000000000000110010110010000111111011
1000000000000000000000000110011001001000010010101
1000000000000000000000000110011011110110001010010
1000000000000000000000000110011100110000010110111
1000000000000000000000000110011111001110011101100
1000000000000000000000000110100001000011100001010
1000000000000000000000000110100011011101100001110
1000000000000000000000000110100101001010111101001
1000000000000000000000000110100111110000000011100
1000000000000000000000000110101001001011011111011
1000000000000000000000000110101010100000111111001
1000000000000000000000000110101100010011000101110
1000000000000000000000000110101110101110100011111
1000000000000000000000000110110000110100011111101
1000000000000000000000000110110010100111110000000
1000000000000000000000000110110101100001101101000
1000000000000000000000000110110110101000110101100
1000000000000000000000000110111001010111001001010
1000000000000000000000000110111011100101111111101
1000000000000000000000000110111101101101101010011
1000000000000000000000000110111110001101001000101
1000000000000000000000000111000000101110111010011
1000000000000000000000000111000011000101101110100
1000000000000000000000000111000101110011011000111
1000000000000000000000000111000111100100011100101
1000000000000000000000000111001000001111001010111
1000000000000000000000000111001010100000001011101
1000000000000000000000000111001101000110111011001
1000000000000000000000000111001111001111111010110
1000000000000000000000000111010001001111001000101
1000000000000000000000000111010010101001111101111
1000000000000000000000000111010101110000110100111
1000000000000000000000000111010110001011011001000
1000000000000000000000000111011001111000110101110
1000000000000000000000000111011011100011100011110
1000000000000000000000000111011101000101100101101
1000000000000000000000000111011110001001000100110
1000000000000000000000000111100001111101001111000
1000000000000000000000000111100010010001101000000
1000000000000000000000000111100101000001011000011
1000000000000000000000000111100111101101111101111
1000000000000000000000000111101001010001111100111
1000000000000000000000000111101011001111001010100
1000000000000000000000000111101101111011001000000
1000000000000000000000000111101110101110111000011
1000000000000000000000000111110000001010000010111
1000000000000000000000000111110010010011110111100
1000000000000000000000000111110100010011000101011
1000000000000000000000000111110111010000111001011
1000000000000000000000000111111001001111011001001
1000000000000000000000000111111010110110011111101
1000000000000000000000000111111100111011100111010
1000000000000000000000000111111110010110000010000
000000000000000000000000000000000
000000000000000000000000000000001
000000000000000000000000000000010
000000000000000000000000000000011
000000000000000000000000000000100
000000000000000000000000000000101
000000000000000000000000000000110
000000000000000000000000000000111
000000000000000000000000000001000
000000000000000000000000000001001
000000000000000000000000000001010
000000000000000000000000000001011
000000000000000000000000000001100
000000000000000000000000000001101
000000000000000000000000000001110
000000000000000000000000000001111
000000000000000000000000000010000
000000000000000000000000000010001
000000000000000000000000000010010
000000000000000000000000000010011
000000000000000000000000000010100
000000000000000000000000000010101
000000000000000000000000000010110
000000000000000000000000000010111
000000000000000000000000000011000
000000000000000000000000000011001
000000000000000000000000000011010
000000000000000000000000000011011
000000000000000000000000000011100
000000000000000000000000000011101
000000000000000000000000000011110
000000000000000000000000000011111
000000000000000000000000000100000
000000000000000000000000000100001
000000000000000000000000000100010
000000000000000000000000000100011
000000000000000000000000000100100
000000000000000000000000000100101
000000000000000000000000000100110
000000000000000000000000000100111
000000000000000000000000000101000
000000000000000000000000000101001
000000000000000000000000000101010
000000000000000000000000000101011
000000000000000000000000000101100
000000000000000000000000000101101
000000000000000000000000000101110
000000000000000000000000000101111
000000000000000000000000000110000
000000000000000000000000000110001
000000000000000000000000000110010
000000000000000000000000000110011
000000000000000000000000000110100
000000000000000000000000000110101
000000000000000000000000000110110
000000000000000000000000000110111
000000000000000000000000000111000
000000000000000000000000000111001
000000000000000000000000000111010
000000000000000000000000000111011
000000000000000000000000000111100
000000000000000000000000000111101
000000000000000000000000000111110
000000000000000000000000000111111
000000000000000000000000001000000
000000000000000000000000001000001
000000000000000000000000001000010
000000000000000000000000001000011
000000000000000000000000001000100
000000000000000000000000001000101
000000000000000000000000001000110
000000000000000000000000001000111
000000000000000000000000001001000
000000000000000000000000001001001
000000000000000000000000001001010
000000000000000000000000001001011
000000000000000000000000001001100
000000000000000000000000001001101
000000000000000000000000001001110
000000000000000000000000001001111
000000000000000000000000001010000
000000000000000000000000001010001
000000000000000000000000001010010
000000000000000000000000001010011
000000000000000000000000001010100
000000000000000000000000001010101
000000000000000000000000001010110
000000000000000000000000001010111
000000000000000000000000001011000
000000000000000000000000001011001
000000000000000000000000001011010
000000000000000000000000001011011
000000000000000000000000001011100
000000000000000000000000001011101
000000000000000000000000001011110
000000000000000000000000001011111
000000000000000000000000001100000
000000000000000000000000001100001
000000000000000000000000001100010
000000000000000000000000001100011
000000000000000000000000001100100
000000000000000000000000001100101
000000000000000000000000001100110
000000000000000000000000001100111
000000000000000000000000001101000
000000000000000000000000001101001
000000000000000000000000001101010
000000000000000000000000001101011
000000000000000000000000001101100
000000000000000000000000001101101
000000000000000000000000001101110
000000000000000000000000001101111
000000000000000000000000001110000
000000000000000000000000001110001
000000000000000000000000001110010
000000000000000000000000001110011
000000000000000000000000001110100
000000000000000000000000001110101
000000000000000000000000001110110
000000000000000000000000001110111
000000000000000000000000001111000
000000000000000000000000001111001
000000000000000000000000001111010
000000000000000000000000001111011
000000000000000000000000001111100
000000000000000000000000001111101
000000000000000000000000001111110
000000000000000000000000001111111
000000000000000000000000010000000
000000000000000000000000010000001
000000000000000000000000010000010
000000000000000000000000010000011
000000000000000000000000010000100
000000000000000000000000010000101
000000000000000000000000010000110
000000000000000000000000010000111
000000000000000000000000010001000
000000000000000000000000010001001
000000000000000000000000010001010
000000000000000000000000010001011
000000000000000000000000010001100
000000000000000000000000010001101
000000000000000000000000010001110
000000000000000000000000010001111
000000000000000000000000010010000
000000000000000000000000010010001
000000000000000000000000010010010
000000000000000000000000010010011
000000000000000000000000010010100
000000000000000000000000010010101
000000000000000000000000010010110
000000000000000000000000010010111
000000000000000000000000010011000
000000000000000000000000010011001
000000000000000000000000010011010
000000000000000000000000010011011
000000000000000000000000010011100
000000000000000000000000010011101
000000000000000000000000010011110
000000000000000000000000010011111
000000000000000000000000010100000
000000000000000000000000010100001
000000000000000000000000010100010
000000000000000000000000010100011
000000000000000000000000010100100
000000000000000000000000010100101
000000000000000000000000010100110
000000000000000000000000010100111
000000000000000000000000010101000
000000000000000000000000010101001
000000000000000000000000010101010
000000000000000000000000010101011
000000000000000000000000010101100
000000000000000000000000010101101
000000000000000000000000010101110
000000000000000000000000010101111
000000000000000000000000010110000
000000000000000000000000010110001
000000000000000000000000010110010
000000000000000000000000010110011
000000000000000000000000010110100
000000000000000000000000010110101
000000000000000000000000010110110
000000000000000000000000010110111
000000000000000000000000010111000
000000000000000000000000010111001
000000000000000000000000010111010
000000000000000000000000010111011
000000000000000000000000010111100
000000000000000000000000010111101
000000000000000000000000010111110
000000000000000000000000010111111
000000000000000000000000011000000
000000000000000000000000011000001
000000000000000000000000011000010
000000000000000000000000011000011
000000000000000000000000011000100
000000000000000000000000011000101
000000000000000000000000011000110
000000000000000000000000011000111
000000000000000000000000011001000
000000000000000000000000011001001
000000000000000000000000011001010
000000000000000000000000011001011
000000000000000000000000011001100
000000000000000000000000011001101
000000000000000000000000011001110
000000000000000000000000011001111
000000000000000000000000011010000
000000000000000000000000011010001
000000000000000000000000011010010
000000000000000000000000011010011
000000000000000000000000011010100
000000000000000000000000011010101
000000000000000000000000011010110
000000000000000000000000011010111
000000000000000000000000011011000
000000000000000000000000011011001
000000000000000000000000011011010
000000000000000000000000011011011
000000000000000000000000011011100
000000000000000000000000011011101
000000000000000000000000011011110
000000000000000000000000011011111
000000000000000000000000011100000
000000000000000000000000011100001
000000000000000000000000011100010
000000000000000000000000011100011
000000000000000000000000011100100
000000000000000000000000011100101
000000000000000000000000011100110
000000000000000000000000011100111
000000000000000000000000011101000
000000000000000000000000011101001
000000000000000000000000011101010
000000000000000000000000011101011
000000000000000000000000011101100
000000000000000000000000011101101
000000000000000000000000011101110
000000000000000000000000011101111
000000000000000000000000011110000
000000000000000000000000011110001
000000000000000000000000011110010
000000000000000000000000011110011
000000000000000000000000011110100
000000000000000000000000011110101
000000000000000000000000011110110
000000000000000000000000011110111
000000000000000000000000011111000
000000000000000000000000011111001
000000000000000000000000011111010
000000000000000000000000011111011
000000000000000000000000011111100
000000000000000000000000011111101
000000000000000000000000011111110
000000000000000000000000011111111
