1110011010111000
0011000000010000
0001110101011111
0000101010011100
0100110111011110
1110001100101110
1000101000100111
0011101111010001
1111010111100010
0111111111111101
1111001110101001
1100101110011010
1011000101000011
1111100101000011
1110001011000110
0001001101000001
1011001110100100
1100011000001010
1110000011001110
1100111110001110
0100001010011001
0111100001111101
1000000000000111
0000110000100111
0100011110010011
1010000010010100
0001000110110000
0100101110011011
0000000010101111
1011110001101100
1011000100011001
0110111001110100
0111110110011110
0001000000000010
1000000100010110
0100010110011011
0100001010101110
0100001100010110
1110100101010011
0001111011011101
0101001011011011
0100010100110000
1011101010111011
0010001100000011
1110111011011111
1101100110111010
1110101000011011
1011110010011110
1001010010011110
0110010101011110
1001110110110001
1111111100011110
1100000111111001
0001000010011000
1101010010011110
0010001000100110
0000010000000100
1101001011111100
1111110010001111
0000010010101100
1010000011000001
0001001110001010
0110000000100010
1010101010000111
0001100100111011
1100010011101001
1010110101010010
0011000001100101
1101000000100011
1110011001010000
1110000100010000
1001011000001000
0001010110010110
1110011111011111
1011111001111100
0011000011110100
0111101000101100
1001110100101110
0111101101111110
1100011011010000
0110111101110111
0010011001110110
1100010001010101
1110001100100101
0110101100111101
0001011001011111
1011111111101011
0010001001010011
1001100100010101
1000001011101110
1101110010110111
1001011001101110
0100010100010110
0100101010110011
1001011000110100
1000110011100101
0101101010011100
0001101011001011
1111100000011110
0110000000010011
0111100001100010
0110001111010101
0101100000111110
1001100111000001
0001100001101001
1110010011001000
0101010001010100
0011101010010100
0100001110100001
1001101000111101
0010111100000010
1010000011111100
0110011110100000
0010100111101011
0011110010111000
0100111010101110
0110100101011111
1011010001100111
1101110110111111
0011011001100100
0001011111110010
0101011011111000
1010101100111100
1110001101110100
1101001110101011
0001011111001001
0011111000110001
1010000011110101
1101011010110011
0111010100110000
1000001111101001
1010010001000111
0010010010001101
0011111111000011
0011000010001110
1000101011111101
0011100001010111
1110110010111010
1010110000111010
1010011010011110
1101011010101000
0000001100101001
1010110101101111
1001000111010101
1110101000010011
1100110010000100
0100000001000110
1100101000101101
1100101101001110
1001000011000100
1011001000110011
0001101011100011
1011100001100001
0010111011101111
0011111011111111
1110111101111010
0111010110111101
0100111110100000
1001110011101000
0010110110010101
0100011000001010
0001111010011111
0110111010100100
0101101010100100
0101101100001110
1001000110101101
0000001000111100
0101010111111110
1110001011001011
0101111010110110
0101110110101111
0100110110110010
1101101101110000
0110110100000010
0101100100110011
0001111011110011
0111111010001011
0001110101000111
0110010001011110
0011100101000100
0100111000001010
1001010110011010
0110011101100011
1001010110110100
1110001011100011
1110110010000001
0111001000010101
0110000010110110
0100011001001101
0011001010101001
0100000000001010
0111010110101101
1010111110101011
1111101011011001
1111001100011111
0100100111110111
1000000010110110
1000101100101000
0101000110100011
0110000110000000
1010010000101001
0010011000110011
0011010011000110
1011100111101010
1011110010110000
0110000111000010
1111000011101001
1110010001111000
1010011100101001
1001110001000000
1011000011111110
0110010101011110
0100011100001010
0100010011100000
0011100100001111
1000110001001101
1000000010101001
1000001101011111
0110101010101010
0100101101110010
0110010110100010
1000001001000111
0111100111100001
1111111101011001
1001110101111100
1111110011110110
0010111011111100
0111000011001011
0011100011010000
1100101000101001
1100000010110110
1011000010111010
0010011010001010
0101110111000010
0101111000000100
0001010111001001
1111101111111000
0111011101110001
0011011101010101
1011001110100001
1111101011000111
0100000010111110
0100010100011111
1101100001100010
1001101100000000
1111010100011110
0001001111111011
1100010110101100
1011100110000111
1101101101100001
0001111010100110
1010110111010010
0000110101010011
0100111110100000
1100101101101001
0000101000011111
