1000111100011111
0000000000000010
0001001100011010
1010001001101111
1011011010111111
1100010011111000
0010111000100100
1000110111100010
1010101100011010
1001100000101110
0110011001111010
0101111111101100
0000101100100101
0000101100110001
1011110110100111
1110111001001001
1101100101000001
1000111001111010
0111110100011001
0111000101001000
1110111100111110
0100001011000111
0111111101101111
1010011000100000
0010011110001010
0000001100000100
0001000101000011
0001111110110001
0001100011000011
1101101000001000
1011010110101010
1110110001001000
0111011101001000
0011111001001011
1110011000010110
1100001010100011
1110010001001001
0000010001100011
0011000101010000
0101110101010011
1011000111011000
1010010001111010
1010010100111111
0001100100000000
0000011100101101
1100100101000010
1110010100011110
0100001000101101
0011111011000111
1101101000000001
0100000101011110
1001110011011001
1011100101010101
1100111111111101
1011100001000100
1111111110110010
0111000111100101
0100101100110000
1100111001101110
1001011010010001
0000100101110100
1001011001110101
0000010111101010
1001101100110001
1110100101110001
1001101011000010
1101100011111111
0101101101100000
1111011001111110
0111110010100110
0110100010000000
1101001111001010
1101110000011011
0110000101101000
1010110100111010
1110000111011010
0100111001010001
0010101011010100
0000000101001000
0100011110100000
1110110100111111
0101000100100101
1101111001010110
1101100101010001
1110100100001100
0001011010111011
1110110010010000
1100110111000101
0011011001100100
0110000011110000
1101100011101000
0111000101011101
0011110110110011
0100111111011110
1110000100001110
1010111100010001
0101000011100110
1010011100010110
1110110011011101
1101111100010100
0101001001111111
0101100110001100
0010010000010000
0110000100100001
1100000100010011
0001011101111001
1111110000100010
1000111010000110
1011011111100011
0000111100001100
1001001011111000
1100000000001111
1000100110100101
1001101111010100
0111111001001011
1000001111011100
0000011100011111
0010010011101001
1101010110011001
1100111011110100
0010100000110010
0110001011100000
1110011010111100
1010100000010111
0000110001110111
1101100111001010
1010111000100011
0101110010110000
0011000100000010
0001011101010011
0101101001100100
1110001101110101
1001101000001101
1110110010101101
1100101011000001
1000000001000011
1000101011001111
1000111110100100
0001000010110000
1000000010001101
1101000000100010
0110100011000111
1110110011010011
0000110100010011
0011110101101001
0010100000100110
1111010101011110
1110011111011010
0001111000111000
1000100001111011
0000101110110111
1011101000010011
0101100101111111
1010111010010011
1010110101010101
1010000010010001
0001001010001110
0011001001001001
0100011100110110
1100110110000011
1000100101001101
0101101100000000
1010011000011100
1000110101101111
0111111011011101
1011011110100101
0100001100001010
0000100011111000
0101011100111000
0000110010011010
1111010011001110
1010001111001111
1100101100101000
0101001111101111
1000111100101010
1110000111110111
0001011001110110
0100010111011100
0111100000010111
0001010000010000
1001000110111100
1100000011111010
0001110001000001
1001101000101011
1011000001001111
1000001100110101
0111010110100111
0100111100100000
0001110101111111
0011100000111000
0000110100000000
1000010101000111
0001101001101011
1010000111101011
0010001111010010
0010011110101101
1111101011100010
0110011110111111
1110110011010001
1111011111010111
1111010001111100
1011001001001010
1111000001101011
1001001101000110
0110100010010011
0100111111101011
1111101011000010
0100001101110111
0000011100010100
0001111010100101
1111110110000011
0101011101100011
0010100001100011
0011111001101001
0010111111001001
1011101100101111
1111100110000101
1010000111111100
1000010001000010
0101101111110010
0101000110011111
0001101001100001
1001010110010000
1010101101101111
1000000101100111
0000110100100110
1100010110101110
1011111000111111
0111000111001010
1101110110110000
0100000010001110
1001001111001101
0100110101100100
1001100001001100
0111110110111011
0111011111010010
1011001110111001
1111011101010111
0000111101110011
0101101000111011
1110100000000000
1101101111111011
0000110111110011
1111001111000100
0110000000101001
0011000101011111
0000100101101101
1101101100000100
0100110100101101
1011010101101000
1110001010110011
1011111001101110
1000111000010001
0011011111100011
0010011011110110
1110101011001001
1001010000101001
0100111010101000
0000000000000011
0000111100010111
