0001101010101010
0100001110100011
1001101001110010
1011101011000011
0100100101010111
0111110110000100
1011100100011111
0000011100001110
0111110100000000
0000000010010111
0100101000000000
0100001000001111
0010011011010011
1101010001010111
0001001000000100
1101001100001011
1110100100000011
1001110111100111
1011001000010010
1001000111001111
0011010111101100
0111001001111111
1110010010100111
1110111110011100
1001011111000001
1000110011111111
1110101101100000
0011011111011011
0001101110100100
1110001110011011
1100100101100110
0111011101100011
0111110011100000
1101000011000100
1111111011001001
0110000101111000
0010001111011101
0100010100100011
1010101011010001
0000010010010000
0110000110101001
0110111100110010
0011101111001110
0000010011000110
1001101101110111
1110110010101000
1011111000001101
1010001011111011
1100010111001100
0110100110111010
0100001011110011
0000111111101011
1011100001000000
0100101111000000
0111111000100110
1011011010111000
0011111101001010
1001000011011101
0100010101101110
0011000010101010
0011101000001110
1010100010000001
0100011101111010
0100111001011101
1010011000010010
1110100101101000
1001111110010110
0101001110101010
1110101001011101
0101000000011000
1001101111110101
0111011110101011
1011001011011011
0000011110110111
1001000011110111
0001110110111110
0000100101110100
0111010001001110
0011011110001000
0111111100000000
1101000100100010
1100010110010010
0111110001111101
1111101011100000
0111110101001100
0101000010110001
0100111110011101
0011101101111101
0100101011001000
1111100011101001
1101010010111000
1001100101100101
0100111001011111
1100101000011110
1001000101001111
1011110011111000
1100110010111111
0110111101001010
1010010100111111
1100011010100001
0011101000010100
1000100000110001
1010000110001001
1001111100000101
0011111000010100
0001011110111000
0010110111100101
1111100111100010
1101111111011111
1011010001101101
0011010111010101
1111010100111010
0010000101101110
0001101011100011
0011101001000001
0001110001001110
0100011001010100
0011000000110001
0010001010101010
0111011110010000
0111100101100100
0110110111100101
1001001100111010
1111110110100010
1110011100111110
1001111001010100
1110111010110010
1010110101101001
0100011111001010
1100111011111100
1000110111000000
0100010001000111
0011101000000110
1100111101110011
1000110010011011
1111011000101011
1001010110101100
1101101110010000
0100110010011111
1101100110001100
1010101101011101
0100111101010100
1110111111001001
1010110000111101
1011100100111011
1101011011111110
0101111111001100
1001000000010110
1011001011000000
1000101001000111
0000010000001001
0101110000000001
1100100110100010
0101101001010010
1001101010111000
1011100101010000
0101000001010000
1001100101001010
0000010110010000
1101100111000111
0010101101110001
1101111000101001
0110101000111101
0101100110011000
0111101001010100
1100011000010101
1100000011011000
0100111101010100
1100000111101010
0101000010001110
1000110000110111
1101100001110100
1001111000111100
0111000011111001
1111000000001001
1101101011101100
1011000001011001
1111100000001000
1010101001011110
0110000101000010
1101000101101100
1111101110111000
1001000010101101
1011101101010101
0010100010101000
1100010111100111
0010000111000011
0010000011110100
0010101011111100
0100100111101001
0101100000001001
1101100000010010
1110001011110000
0001010110101010
0101001001010001
1101101011100110
0111101101001100
0110111000110000
0100111011010101
1110010100110100
1111101010011100
0000100000111111
1111010010000010
1010000110100110
0010110101001000
0010110010100110
1000001010001011
0001101000000111
0101111000010011
1011000110110011
1101011011011111
0110100001010010
1011100100101010
1011100101011000
1110111110010001
1111001000100110
1001011000111110
1101001010001001
1100000011011011
0000010001010000
1010111101111011
0111110001111001
1100111111110101
0111011101001111
1111100100010100
1101100111011100
0111111000111001
1101110100010010
0100111001011011
0001101100000110
0011100011000001
0001100101001101
1000010110110001
0000011111110000
1010111110010111
1000110110100010
0010101000100011
0100111100101110
0010111000101101
1000111011011100
0101001001011000
0100101111111100
1010111001100101
0101000111100000
0111001000111111
1010010001001011
0110000100001010
0110100101001100
0001010110010001
1100101110101000
1110000001100110
1111010000011010
0000111000110000
1010010111001010
0111000100110001
1101001001001010
