1001010011011111
1110100011001111
0010001111001101
1110000100000111
0000101011000000
1011010101010110
1100110110110001
0100001111001001
0101101000010010
1111011000010110
1001000100001111
0000100110010110
1001101011101011
0101110010000101
1101011101011101
1101000111100001
1110010011111001
1111000100011111
0101010101001101
0111010100011000
1010111110010000
0000001110111010
0101000011001000
0101001010000000
1010001011110010
0110000011111101
0110001101100011
0100000011101100
0110001010100111
1000011011010000
0000111010001110
1110000000010001
0101011110101001
1000111100100111
0101111111111001
1100000000010100
0010000100111010
1101110010011101
1110110100011011
0011111111011100
1000011110100000
0101100011100001
0110011101011101
0100001000111011
1011110010100011
1101000111001111
1000001001100101
1101110010110001
0001001110101000
0011010101111000
0000000100000110
1001010111001000
0011011001111011
0001111010011100
0101001010101011
0001000100010011
0011110100111101
0011001001001011
0010000111111111
0001110011001001
1001111010101011
0011010111000000
0111101001001100
1000110111001111
0110101111001110
1000110000100000
0011001110100000
1101000101101111
1011001110010111
0001001110011011
0010101101000000
1010010111010000
0010001001110100
0001000100001000
1101000001000001
0111001011000111
1101010011110110
1000001001001011
1101111000000001
1011111110101001
0000011110110000
0000100100000110
1100010110011101
0000110101001111
0111110100001011
0011010011111100
1101001100100111
0100111001101001
0001110101001000
0101111111010111
1101101100001111
1100001100101000
1100000010111000
0000001001010100
1111111010010010
1110001110100111
0010101101001110
0100000011000111
1001100100111111
1000110110000010
0110011010100100
1101011011011000
1101011111110000
0111111010110101
0010010010000011
0000010101000110
0111010100101010
1111111011011111
1000001010110111
1111011100010001
1010010111010101
0110100110110101
1001100101110110
0100000000011110
1001100000111010
1010000101010100
1100101111000001
1001111011101100
0111010001000101
1110011100101100
1100001110010101
1110000111100111
0010111001001010
1001011010101101
1110010110000101
0101010101010111
0110111011001000
0011010001111010
0110100001111000
1100011101011010
0000100100010010
1001101000110100
0001111100111100
1011010101001100
0010010010001110
0001000101000011
1111011011000110
1000110111111101
1100101110010111
1101110011111001
0010100001011001
1101010110001010
1110001010100001
0100111010100110
1010011000010110
1100001110110010
1101101000001101
0001011101011001
1110100000101111
0100000110001011
0101110111000000
0011100101000110
0011101110011100
1100100110100000
1100000001011000
0011101011111010
1011000101100010
1110001000010000
0011000000001101
1000001100110000
1010100011110011
0000111010100110
0010000101111100
1111110101100011
1110111100100110
0101010011010010
1100100010011101
0000110100010111
0001001110000111
0100100010110100
1111000010000110
1111100100001000
0011110110101100
0110000000011000
1000100110101100
0010111101101110
0100111111100000
0101011000011000
1111010011111110
0011010011110000
0001000000000101
0011010001010010
0010011011100110
0100001101110010
1011101010011110
0110110000111010
1000111000010110
0010000101000100
0100101101100011
0010011000010011
0010111011101010
1001101000001010
0001011011110000
1110001011010100
1011110001000100
0010000011000111
1110110001010100
0111011111010110
0110110011110000
0101101111010101
1000111111010010
1101110100111100
1110100001100011
1001000000001001
0111010010011110
0111001110100001
0010111101110000
0111101001100011
1101000001011000
1100110111111101
1101100010001000
1110110101110010
0001011010111011
0111101111010000
0011110110000101
0011100000111001
1000000011001001
1000000010001011
0111000100111110
1100011011110101
0111011111111000
1010111010001100
0000010110011100
0000011001011101
1111000010010110
1110111100101000
0011000011011111
1000100010101010
1111011111010001
1100111010001011
1100010000001111
1100110000000111
0011011100110110
1110110100000001
1101001000010100
0011010101110110
0110110101001011
1010111011011000
0111000010010011
0011111111100110
0101000010101110
1101100010110011
0001100000011000
0101100011000011
0100011110100101
1110100111111101
1111010000101110
0000010011101011
1010111100110010
0011111011111011
1110001110110100
1111010101110101
1101010000110010
0001111111011010
0010100000100000
0111100000110111
