0111100000110111
1001010011011111
1110100011001111
0010001111001101
1110000100000111
0000101011000000
1011010101010110
1100110110110001
0100001111001001
0101101000010010
1111011000010110
1001000100001111
0000100110010110
1001101011101011
0101110010000101
1101011101011101
1101000111100001
1110010011111001
1111000100011111
0101010101001101
0111010100011000
1010111110010000
0000001110111010
0101000011001000
0101001010000000
1010001011110010
0110000011111101
0110001101100011
0100000011101100
0110001010100111
1000011011010000
0000111010001110
1110000000010001
0101011110101001
1000111100100111
0101111111111001
1100000000010100
0010000100111010
1101110010011101
1110110100011011
0011111111011100
1000011110100000
0101100011100001
0110011101011101
0100001000111011
1011110010100011
1101000111001111
1000001001100101
1101110010110001
0001001110101000
0011010101111000
0000000100000110
1001010111001000
0011011001111011
0001111010011100
0101001010101011
0001000100010011
0011110100111101
0011001001001011
0010000111111111
0001110011001001
1001111010101011
0011010111000000
0111101001001100
1000110111001111
0110101111001110
1000110000100000
0011001110100000
1101000101101111
1011001110010111
0001001110011011
0010101101000000
1010010111010000
0010001001110100
0001000100001000
1101000001000001
0111001011000111
1101010011110110
1000001001001011
1101111000000001
1011111110101001
0000011110110000
0000100100000110
1100010110011101
0000110101001111
0111110100001011
0011010011111100
1101001100100111
0100111001101001
0001110101001000
0101111111010111
1101101100001111
1100001100101000
1100000010111000
0000001001010100
