1000000000000000000000000000000000101000010110000
1000000000000000000000000000000010010001100011011
1000000000000000000000000000000100101110100101000
1000000000000000000000000000000110100111111101111
1000000000000000000000000000001000100000111110100
1000000000000000000000000000001011101011000110001
1000000000000000000000000000001100110100001011011
1000000000000000000000000000001110011000011110110
1000000000000000000000000000010001010001101000000
1000000000000000000000000000010010001000110011101
1000000000000000000000000000010100110101111111011
1000000000000000000000000000010110010110110111011
1000000000000000000000000000011000111101111001000
1000000000000000000000000000011010010011001111110
1000000000000000000000000000011101011001000101110
1000000000000000000000000000011111101110111010010
1000000000000000000000000000100001111001011011110
1000000000000000000000000000100011000100011111101
1000000000000000000000000000100100100000001000000
1000000000000000000000000000100111101000100110001
1000000000000000000000000000101000001101011110101
1000000000000000000000000000101010000111110000101
1000000000000000000000000000101100100101101111110
1000000000000000000000000000101110101001010111100
1000000000000000000000000000110001000011010100111
1000000000000000000000000000110010111110000101100
1000000000000000000000000000110101010000111101011
1000000000000000000000000000110110101100000110111
1000000000000000000000000000111001001111111111101
1000000000000000000000000000111011111011110010000
1000000000000000000000000000111100101110111110111
1000000000000000000000000000111111100100000101110
1000000000000000000000000001000001110110111111111
1000000000000000000000000001000011100011101001011
1000000000000000000000000001000100110100100100100
1000000000000000000000000001000110101100110000011
1000000000000000000000000001001000011000111110111
1000000000000000000000000001001011101011001000110
1000000000000000000000000001001101000100001110110
1000000000000000000000000001001110100010000000110
1000000000000000000000000001010000111100001011001
1000000000000000000000000001010010011011101110001
1000000000000000000000000001010100001101111101001
1000000000000000000000000001010110101110000010000
1000000000000000000000000001011000111110001110011
1000000000000000000000000001011010101000101111000
1000000000000000000000000001011101101100110000011
1000000000000000000000000001011110001011101000111
1000000000000000000000000001100001111000011110111
1000000000000000000000000001100011011101011101110
1000000000000000000000000001100100101100100010000
1000000000000000000000000001100110110111101101100
1000000000000000000000000001101001010011011110100
1000000000000000000000000001101010100001101010101
1000000000000000000000000001101101111110001000000
1000000000000000000000000001101111000001101100000
1000000000000000000000000001110000111101011101010
1000000000000000000000000001110010101101010001001
1000000000000000000000000001110100101111111110111
1000000000000000000000000001110110001110110011000
1000000000000000000000000001111000110010111011101
1000000000000000000000000001111010100011100000010
1000000000000000000000000001111101001001001010100
1000000000000000000000000001111111000001001001110
1000000000000000000000000010000000110000001101011
1000000000000000000000000010000010101111000101101
1000000000000000000000000010000101101110010010010
1000000000000000000000000010000110110100101010001
1000000000000000000000000010001000000000101101000
1000000000000000000000000010001010011000111011010
1000000000000000000000000010001101001100110000101
1000000000000000000000000010001111100011001111111
1000000000000000000000000010010000010110001100100
1000000000000000000000000010010011010000001101111
1000000000000000000000000010010100110011101011001
1000000000000000000000000010010111001110010110010
1000000000000000000000000010011000111011010110000
1000000000000000000000000010011010010101001010010
1000000000000000000000000010011100101001100100001
1000000000000000000000000010011110011101010011010
1000000000000000000000000010100001100110110110110
1000000000000000000000000010100011000010101101110
1000000000000000000000000010100100010011011111101
1000000000000000000000000010100111101000000010001
1000000000000000000000000010101001111101100101000
1000000000000000000000000010101011100011100011000
1000000000000000000000000010101100111001110001011
1000000000000000000000000010101111111110010101110
1000000000000000000000000010110000011101100100101
1000000000000000000000000010110010100000111111100
1000000000000000000000000010110101110011011100011
1000000000000000000000000010110110100110001110000
1000000000000000000000000010111000001110101100110
1000000000000000000000000010111011111101100101011
1000000000000000000000000010111100000111001100011
1000000000000000000000000010111110010011001010101
1000000000000000000000000011000001110110000011001
1000000000000000000000000011000010011001111110000
1000000000000000000000000011000100011001100110101
1000000000000000000000000011000111101000111110110
1000000000000000000000000011001001000011011011000
1000000000000000000000000011001010010110101001110
1000000000000000000000000011001100000101100111110
1000000000000000000000000011001110011000110001101
1000000000000000000000000011010000011000010101101
1000000000000000000000000011010010000100111001100
1000000000000000000000000011010101010001100100101
1000000000000000000000000011010111110010100100111
1000000000000000000000000011011000011011000000111
1000000000000000000000000011011010100000010010110
1000000000000000000000000011011100001011100111111
1000000000000000000000000011011111111101010000110
1000000000000000000000000011100001001111111101011
1000000000000000000000000011100010010100111000101
1000000000000000000000000011100101011000011101111
1000000000000000000000000011100111010011100010001
1000000000000000000000000011101000111010110000001
1000000000000000000000000011101011001100111111110
1000000000000000000000000011101100010100001111100
1000000000000000000000000011101110001111100110101
1000000000000000000000000011110000110101001001110
1000000000000000000000000011110010011001001011111
1000000000000000000000000011110100100101001101001
1000000000000000000000000011110111101110011000011
1000000000000000000000000011111001111100001111011
1000000000000000000000000011111010100110000100100
1000000000000000000000000011111100010100101011001
1000000000000000000000000011111111011101101101001
1000000000000000000000000100000000110000101000001
1000000000000000000000000100000010100000010000101
1000000000000000000000000100000100110011000010001
1000000000000000000000000100000110101011111011010
1000000000000000000000000100001000110010010101110
1000000000000000000000000100001010011001001000011
1000000000000000000000000100001100111000101100101
1000000000000000000000000100001110011000101100011
1000000000000000000000000100010000001010011011011
1000000000000000000000000100010011110011010000110
1000000000000000000000000100010100000001111111101
1000000000000000000000000100010111110111100111111
1000000000000000000000000100011000010001010011111
1000000000000000000000000100011010010101110000001
1000000000000000000000000100011100100011000100101
1000000000000000000000000100011110001101001001010
1000000000000000000000000100100000111111011001111
1000000000000000000000000100100010100011011111101
1000000000000000000000000100100100110010000101011
1000000000000000000000000100100110000111001110010
1000000000000000000000000100101001001011111011101
1000000000000000000000000100101011001000011111110
1000000000000000000000000100101101001000100111111
1000000000000000000000000100101111110100100110101
1000000000000000000000000100110000110000001001010
1000000000000000000000000100110010110000000110111
1000000000000000000000000100110101100100010001110
1000000000000000000000000100110111101111011101111
1000000000000000000000000100111001111011111001111
1000000000000000000000000100111010011111100111101
1000000000000000000000000100111100010101011110111
1000000000000000000000000100111111001100101011111
1000000000000000000000000101000001110101000101111
1000000000000000000000000101000011110101001010101
1000000000000000000000000101000100001000000010001
1000000000000000000000000101000111110000110100110
1000000000000000000000000101001000100000100001110
1000000000000000000000000101001011011110110100010
1000000000000000000000000101001100001110001001000
1000000000000000000000000101001111110000011010111
1000000000000000000000000101010001011001011000111
1000000000000000000000000101010011010101100001101
1000000000000000000000000101010101111100110010000
1000000000000000000000000101010111111101000001110
1000000000000000000000000101011000111100110101110
1000000000000000000000000101011011001011001100111
1000000000000000000000000101011100110001010001000
1000000000000000000000000101011111101011111000101
1000000000000000000000000101100001010110111111101
1000000000000000000000000101100010000100100010100
1000000000000000000000000101100101111011100101101
1000000000000000000000000101100110000011111110010
1000000000000000000000000101101000100100100110110
1000000000000000000000000101101011011001001001010
1000000000000000000000000101101101101101100110101
1000000000000000000000000101101111001001010001010
1000000000000000000000000101110001101111011001001
1000000000000000000000000101110011001010110001011
1000000000000000000000000101110101101100100111101
1000000000000000000000000101110110101100010101011
1000000000000000000000000101111000001110100001100
1000000000000000000000000101111010010001000011010
1000000000000000000000000101111101001101010100011
1000000000000000000000000101111110011101011001000
1000000000000000000000000110000001111000110101001
1000000000000000000000000110000010110010011001011
1000000000000000000000000110000100110100010101001
1000000000000000000000000110000111111110100100010
1000000000000000000000000110001000101100101010110
1000000000000000000000000110001010011100100000011
1000000000000000000000000110001100111110110100010
1000000000000000000000000110001110111000100110101
1000000000000000000000000110010000001101111101101
1000000000000000000000000110010010110010000111100
1000000000000000000000000110010101011110000101101
1000000000000000000000000110010110011100011001011
1000000000000000000000000110011001011111001111110
1000000000000000000000000110011010001010010111001
1000000000000000000000000110011100110000011001001
1000000000000000000000000110011111101010111011111
1000000000000000000000000110100000011001111011100
1000000000000000000000000110100011000101011001000
1000000000000000000000000110100101100011000001011
1000000000000000000000000110100110100010001111110
1000000000000000000000000110101000101010100010001
1000000000000000000000000110101010010110101101100
1000000000000000000000000110101101011000100111010
1000000000000000000000000110101111110100111010110
1000000000000000000000000110110000001110111101110
1000000000000000000000000110110010011010001110001
1000000000000000000000000110110101011111010001001
1000000000000000000000000110110110010100111011000
1000000000000000000000000110111001000111000000101
1000000000000000000000000110111011110011100011100
1000000000000000000000000110111101011110011001100
1000000000000000000000000110111111001100011101001
1000000000000000000000000111000000111110101000101
1000000000000000000000000111000010011001010110000
1000000000000000000000000111000101110101011111111
1000000000000000000000000111000111110001101101110
1000000000000000000000000111001000110000001011000
1000000000000000000000000111001010110110111101001
1000000000000000000000000111001101010101000000001
1000000000000000000000000111001111000100011101001
1000000000000000000000000111010001001110111100000
1000000000000000000000000111010011101101001100110
1000000000000000000000000111010100100110010011110
1000000000000000000000000111010110010100010101101
1000000000000000000000000111011001001100101001010
1000000000000000000000000111011010001110111110101
1000000000000000000000000111011101000110010100100
1000000000000000000000000111011110111111000011001
1000000000000000000000000111100000010110110110011
1000000000000000000000000111100011111111101110011
1000000000000000000000000111100100111100011110001
1000000000000000000000000111100110011011100001010
1000000000000000000000000111101001000000111100000
1000000000000000000000000111101010110011010101010
1000000000000000000000000111101100111000010010101
1000000000000000000000000111101111101011110101010
1000000000000000000000000111110001101111010011001
1000000000000000000000000111110010010011001101010
1000000000000000000000000111110101101110001000101
1000000000000000000000000111110111100011100001001
1000000000000000000000000111111000101010011101101
1000000000000000000000000111111010101111011000100
1000000000000000000000000111111100000111010000111
1000000000000000000000000111111110001111010000110
000000000000000000000000000000000
000000000000000000000000000000001
000000000000000000000000000000010
000000000000000000000000000000011
000000000000000000000000000000100
000000000000000000000000000000101
000000000000000000000000000000110
000000000000000000000000000000111
000000000000000000000000000001000
000000000000000000000000000001001
000000000000000000000000000001010
000000000000000000000000000001011
000000000000000000000000000001100
000000000000000000000000000001101
000000000000000000000000000001110
000000000000000000000000000001111
000000000000000000000000000010000
000000000000000000000000000010001
000000000000000000000000000010010
000000000000000000000000000010011
000000000000000000000000000010100
000000000000000000000000000010101
000000000000000000000000000010110
000000000000000000000000000010111
000000000000000000000000000011000
000000000000000000000000000011001
000000000000000000000000000011010
000000000000000000000000000011011
000000000000000000000000000011100
000000000000000000000000000011101
000000000000000000000000000011110
000000000000000000000000000011111
000000000000000000000000000100000
000000000000000000000000000100001
000000000000000000000000000100010
000000000000000000000000000100011
000000000000000000000000000100100
000000000000000000000000000100101
000000000000000000000000000100110
000000000000000000000000000100111
000000000000000000000000000101000
000000000000000000000000000101001
000000000000000000000000000101010
000000000000000000000000000101011
000000000000000000000000000101100
000000000000000000000000000101101
000000000000000000000000000101110
000000000000000000000000000101111
000000000000000000000000000110000
000000000000000000000000000110001
000000000000000000000000000110010
000000000000000000000000000110011
000000000000000000000000000110100
000000000000000000000000000110101
000000000000000000000000000110110
000000000000000000000000000110111
000000000000000000000000000111000
000000000000000000000000000111001
000000000000000000000000000111010
000000000000000000000000000111011
000000000000000000000000000111100
000000000000000000000000000111101
000000000000000000000000000111110
000000000000000000000000000111111
000000000000000000000000001000000
000000000000000000000000001000001
000000000000000000000000001000010
000000000000000000000000001000011
000000000000000000000000001000100
000000000000000000000000001000101
000000000000000000000000001000110
000000000000000000000000001000111
000000000000000000000000001001000
000000000000000000000000001001001
000000000000000000000000001001010
000000000000000000000000001001011
000000000000000000000000001001100
000000000000000000000000001001101
000000000000000000000000001001110
000000000000000000000000001001111
000000000000000000000000001010000
000000000000000000000000001010001
000000000000000000000000001010010
000000000000000000000000001010011
000000000000000000000000001010100
000000000000000000000000001010101
000000000000000000000000001010110
000000000000000000000000001010111
000000000000000000000000001011000
000000000000000000000000001011001
000000000000000000000000001011010
000000000000000000000000001011011
000000000000000000000000001011100
000000000000000000000000001011101
000000000000000000000000001011110
000000000000000000000000001011111
000000000000000000000000001100000
000000000000000000000000001100001
000000000000000000000000001100010
000000000000000000000000001100011
000000000000000000000000001100100
000000000000000000000000001100101
000000000000000000000000001100110
000000000000000000000000001100111
000000000000000000000000001101000
000000000000000000000000001101001
000000000000000000000000001101010
000000000000000000000000001101011
000000000000000000000000001101100
000000000000000000000000001101101
000000000000000000000000001101110
000000000000000000000000001101111
000000000000000000000000001110000
000000000000000000000000001110001
000000000000000000000000001110010
000000000000000000000000001110011
000000000000000000000000001110100
000000000000000000000000001110101
000000000000000000000000001110110
000000000000000000000000001110111
000000000000000000000000001111000
000000000000000000000000001111001
000000000000000000000000001111010
000000000000000000000000001111011
000000000000000000000000001111100
000000000000000000000000001111101
000000000000000000000000001111110
000000000000000000000000001111111
000000000000000000000000010000000
000000000000000000000000010000001
000000000000000000000000010000010
000000000000000000000000010000011
000000000000000000000000010000100
000000000000000000000000010000101
000000000000000000000000010000110
000000000000000000000000010000111
000000000000000000000000010001000
000000000000000000000000010001001
000000000000000000000000010001010
000000000000000000000000010001011
000000000000000000000000010001100
000000000000000000000000010001101
000000000000000000000000010001110
000000000000000000000000010001111
000000000000000000000000010010000
000000000000000000000000010010001
000000000000000000000000010010010
000000000000000000000000010010011
000000000000000000000000010010100
000000000000000000000000010010101
000000000000000000000000010010110
000000000000000000000000010010111
000000000000000000000000010011000
000000000000000000000000010011001
000000000000000000000000010011010
000000000000000000000000010011011
000000000000000000000000010011100
000000000000000000000000010011101
000000000000000000000000010011110
000000000000000000000000010011111
000000000000000000000000010100000
000000000000000000000000010100001
000000000000000000000000010100010
000000000000000000000000010100011
000000000000000000000000010100100
000000000000000000000000010100101
000000000000000000000000010100110
000000000000000000000000010100111
000000000000000000000000010101000
000000000000000000000000010101001
000000000000000000000000010101010
000000000000000000000000010101011
000000000000000000000000010101100
000000000000000000000000010101101
000000000000000000000000010101110
000000000000000000000000010101111
000000000000000000000000010110000
000000000000000000000000010110001
000000000000000000000000010110010
000000000000000000000000010110011
000000000000000000000000010110100
000000000000000000000000010110101
000000000000000000000000010110110
000000000000000000000000010110111
000000000000000000000000010111000
000000000000000000000000010111001
000000000000000000000000010111010
000000000000000000000000010111011
000000000000000000000000010111100
000000000000000000000000010111101
000000000000000000000000010111110
000000000000000000000000010111111
000000000000000000000000011000000
000000000000000000000000011000001
000000000000000000000000011000010
000000000000000000000000011000011
000000000000000000000000011000100
000000000000000000000000011000101
000000000000000000000000011000110
000000000000000000000000011000111
000000000000000000000000011001000
000000000000000000000000011001001
000000000000000000000000011001010
000000000000000000000000011001011
000000000000000000000000011001100
000000000000000000000000011001101
000000000000000000000000011001110
000000000000000000000000011001111
000000000000000000000000011010000
000000000000000000000000011010001
000000000000000000000000011010010
000000000000000000000000011010011
000000000000000000000000011010100
000000000000000000000000011010101
000000000000000000000000011010110
000000000000000000000000011010111
000000000000000000000000011011000
000000000000000000000000011011001
000000000000000000000000011011010
000000000000000000000000011011011
000000000000000000000000011011100
000000000000000000000000011011101
000000000000000000000000011011110
000000000000000000000000011011111
000000000000000000000000011100000
000000000000000000000000011100001
000000000000000000000000011100010
000000000000000000000000011100011
000000000000000000000000011100100
000000000000000000000000011100101
000000000000000000000000011100110
000000000000000000000000011100111
000000000000000000000000011101000
000000000000000000000000011101001
000000000000000000000000011101010
000000000000000000000000011101011
000000000000000000000000011101100
000000000000000000000000011101101
000000000000000000000000011101110
000000000000000000000000011101111
000000000000000000000000011110000
000000000000000000000000011110001
000000000000000000000000011110010
000000000000000000000000011110011
000000000000000000000000011110100
000000000000000000000000011110101
000000000000000000000000011110110
000000000000000000000000011110111
000000000000000000000000011111000
000000000000000000000000011111001
000000000000000000000000011111010
000000000000000000000000011111011
000000000000000000000000011111100
000000000000000000000000011111101
000000000000000000000000011111110
000000000000000000000000011111111
