0000000111111110
1111111111000101
1011010011011110
0000000111011100
1101110001001010
1011010110001111
1001110110001011
0101001010010110
1010010011000010
0101010110000100
0111001101000111
1000100000110011
0111111101011001
0001001010000001
1110011001110000
1001010101010001
1101111100000000
1110110110001110
0111011001101111
1001010111011101
0110110010001011
1001110011011011
0001000011100100
1011010100001011
0010001111011100
1111110100101010
0110011110110101
1011001101001010
1111011000110110
1110001000100001
1001001110011010
1101111011010100
1110101000110101
0010111110101001
1011011111001101
1000010011100001
0000110010000010
0011010111101110
0110100101011011
0101000100110110
1000000011100100
1110011000001011
1011100010001000
1101011010000100
1101001010011101
1110110001110110
1111101111001011
0001011111001100
1010110101100101
0101100111100001
0110001001000101
0010110000000000
0101000010000001
1101000110110111
1110111111000111
0111000101000010
1001011010011001
1100011011110110
1111001011010001
1011010000001010
1010101000011110
0101100110111010
1111001011001110
0101111000111000
0111001000100110
0110111110110001
1000011010011101
1011001101100110
0001011101010100
0010010010001110
1101010000011000
0000101000000110
0000111100100101
0010111111001000
1111101001111010
1000101010000011
1011000001100111
0101010100001101
0110101100000001
1111100001001101
1110100011111101
0111110100011100
1111111010101000
0010110000010001
1111000011101011
0100011001110111
0011010011100001
0000011101000101
0001100001001000
0101000110011001
0101100001110100
0100101001010010
0110110101101100
0101100111100011
0000100100101100
0101001011111101
0100100011111010
1000100111010000
1011000111100001
1000100110010100
0110100110010011
0100000010011111
1101101010110110
0100100011101101
0010100100100000
1101000111010010
0011111110111010
0100000100111101
1010100010010000
1100110001101101
1010110001100101
1000001011000110
0100010100000101
0101100110110001
1000100111011101
1111100000101110
1111011100111101
1011111100011001
1010111111000001
1001011100000100
0000101111111100
0101010010001100
1011110101011001
0000101000011000
0001000100110111
1110100010100100
1010000011011101
0101011100011111
1101101010010101
0101010011001111
0010010110001000
0001111000110111
0101000101101001
1101011010110111
1010000100110110
1111001100001101
1110100000010001
0010011011010101
1010011000010110
1110100001001000
1110111100001000
1101101111001110
0110011001100101
0111110000010100
0111001001001101
1001101100100010
1011110011001011
0111101101111110
0100011011111111
0010100100001100
0101001100010100
0101100100001111
0111101111000001
1111101010110010
1000010010011101
0111000100111011
0001111000100001
0101111111111011
1011001001111000
0100010110011011
0111111101011001
1001010000100011
1110110110110101
1110100111100100
1010101101001010
1110101111101100
0001010111001001
0101000000011110
1111001001000000
1000110111000111
1010100001011011
1000010001100101
0110100100001010
0001000000000000
1100000010010111
1100111111010000
1110000101010100
1101010001101010
1010100111001100
0101000110011100
1100010010101011
1010110001110111
1010110100000010
0000111001001110
1011000101010010
1011101110001010
1010011010010000
1101100110011100
0110101000011001
1010111101011100
1000100011000110
0000011101011100
1011101001011111
0011010001110011
0101111100011010
0001111001101110
0001000001000111
0101011100010110
0000010111110110
1101011111110010
0001010110010100
0101010110011111
0101001100001100
0001111000001110
0110001001100100
0011001010100111
1111111011010001
0110011010100011
0000001001011001
1001100110010101
1011110001000000
1011000001111100
0110111101111001
1010011110011010
1011011100100110
0100011111100100
1100001001000001
1001110110101110
0110100100000100
0101110111010001
0101101010110111
0000100101001001
0000001011001101
1101010101110000
0110011101001011
0001111101100101
0010110001001101
1000000001100101
0111111001010100
0010011101010111
1101101100000011
1111010000111101
0100000101000011
0100000111101010
1100001110110000
1100101101011111
1110010010111010
1100010100100100
0101010101110101
1111100010110101
1000101001011001
1001000110110100
1110001110110000
0011100100110100
1100011011111110
0001000111010101
1111101011111110
0110011011100001
0001100011001011
1110001010110110
0101100010010111
0010000000110000
1001101001000010
1111010001110000
1101001010001101
1110110001000010
