1001010101000110
1001101110010101
0010111100101100
1110010100101001
1111001000010100
1100000100001000
0001111010000110
1111010010010001
0101010010100101
0110010000000110
0001011001000010
1000100111100011
0011101001001111
1101110001011001
0100011100001000
1010110010110101
0011011011110101
1011011010001101
0101000100010110
1110011110011000
1010110001001011
1000001010001010
1001110011000010
0101000111110111
1010101101001110
1110000101000000
0110000011001110
1000001010011000
0010100001111000
1001000101011111
0110111101110010
0110110101100100
1001001001011001
0100010110100110
1111111111001011
0011001110010011
1111101010001100
0010110000110010
0110101010100010
0010111001110000
1100100000111101
0001111101101100
0101100001100110
1010011010000011
1010010001101000
1010100110001010
1010010100000100
0100110000100111
0100111010110010
1011011011111100
0101001010110100
0100111101011011
0111011010001000
0100000001001111
0010000100101101
1011000111000100
1101000110100101
1111110001101001
0100000000100101
0100001010010110
0001011100110110
1001110100111111
0101000001001110
0000000001111000
1000011001111010
1101000000110011
0100101100011000
0010111100001011
0110010101101110
0010110001100011
1100110100111000
0010101110000000
0101110110001110
1101000111011011
1000110001110101
0001100000001100
0111011011111001
1110011011001000
1011111101101110
0011111000111000
1101011011100111
1101111011111100
0000110110111111
0010111100101100
0111101011111110
1101111000101111
0111001011011011
1010100010001100
0001100001101011
1011000100000100
1001000001101101
0101001111010011
1100011100110111
0011001101000110
1110001010001000
1000001010110001
1101001010101010
0101100011110111
1101001101010011
0010110000001011
1110010100011000
1000110011100001
1110010100110110
0100101111001101
0001110011101111
1011010110010101
0110001101010000
0111010001100010
