0110110100001010
1000100001011101
0100101110110100
1110000110100011
1111010001000101
1000100111110010
1001001001101100
1000001100011000
1010010011110101
1101100011101010
0100101001101111
1011010100000010
1001100000001010
1001000010011011
1000100001111000
1110111000111101
1011001111100011
0101100110111111
1110010010111000
0100110101001111
0110101010000000
1101110101111111
0000110001111101
0100100000010111
0100111111010000
0101001010110001
1111001110010010
1000011010000011
1010100000000011
1101111101100110
0111100111001011
0111011101111101
0101000001001001
0100001110011001
0111111100011101
1111111100100001
1001110010111101
1111101001110111
1010111101001011
1000111010010010
1001110010101110
1101000010111010
1100111110101000
1000100100101110
1100001001011000
0110010101111011
0101001100011001
1001100001100111
0101100010100001
1000100110110010
0010111101111111
0001011101011100
0100010111001001
0111011001000000
0110010011001100
1111001010110101
0010101010010110
1010000101110010
0010010111010010
1111101100000001
0100011110001101
1001110110000010
1100000010110110
0000000101001000
0010111110110001
0011001000000100
0100010110111010
1010111000110000
0011010101010111
0111110100001001
0110010100001000
0000001110110000
0001110100010101
1011000001011110
0100011110001001
0001100100010011
0100100101011001
1110001000101011
1000100000000011
1111000011111011
0011111111000111
0011111010011110
0100110101111111
1100001001000000
1100111000100001
0101101100110100
0100010011011010
0101101011101001
0001110100000000
1110010000100111
1001011001000000
0100001100000011
0001100101101011
1110100010111000
1100110101111000
1101010110111111
0110010100110101
1101110110000100
1001011100011010
0111011001110110
0101010001001010
1100001101110110
0000111111001100
1000010011111010
1111011001011010
0100011010111101
1110010101011011
0011100000100111
1110111011111001
0011110000000101
0010110110111110
1110110100101101
1100111111101010
0101101011110100
1101010000001111
1011101100101111
1101000111000011
0110000000100111
0111111110110001
1111000101110100
1001000001101000
0100010101001111
0101111000001011
0100111110100001
0001100101101110
0110101100000000
0101100100000001
1000110110011010
1010100111001000
1111110011110110
1000110110111011
0111001101011000
0100110011100111
0110010001011001
1000101010001100
1001110101000111
0010010110010100
1100000011010110
0111010101100010
1011111110111011
0101101000001000
0000111110001011
1010101100111101
1101001110110011
1100100111110101
0111010011001011
0000001110011000
0000101100101110
0100110010100001
0101111011101011
0011000101100001
1111000010111000
1001011100100100
1000101000001101
1100100000111001
0100100110001011
0101000110010101
1011001010110111
0001010000000110
1000110000000110
0100010111110111
1011110010110100
0001111000111001
0010001110001010
1001010011111101
0110100010100110
0110011001100001
0110100001010010
0001001000110011
0011010010101110
0110100101111110
1100000111000011
0101011110100001
1111001001010111
0101001010110011
1101111011101011
0100001001000110
1011011010100010
1110000001100001
0111000001010100
1000000111011110
0001000110000000
0111100010111011
0000110001111010
1000010011111111
0101111010010110
1111010000101010
1110011010011011
0010101111111010
0101011111010101
0101110101101000
1011100011010110
1000001110000110
0100101000100101
0100000011001000
0011111011100110
0101101111111100
1111100011101000
1000001010000011
0101001011011101
0111011110011110
0010111111001011
1000010101111011
0111100111010111
1110010010101101
1000010010010100
1011110010000001
0000110100111110
0101010001100110
1000010000111000
0011000001101001
0111011100110100
0111001110010010
1110011110010001
0111011110110110
1111101000100111
1101101110000000
1001010110111011
1001101011010011
0100011010100001
1110111111010000
0101110011111010
1010101111010111
0000100001011000
0010000110100110
1110100101111100
1110010111100000
1101100110010011
1001011100111011
0101010100000101
1011100001000111
0000111111010001
1110011101001001
0111010000011111
1010100110011000
0011111101111100
1000101010011111
0101100101000001
0010110111001010
0111101100100001
0011101101000011
0110001110010110
0001000000111100
1110110110100110
0000011010011101
1111111011010110
0010110111000101
0110001101011110
0001000101110001
1100100011010110
0001000000001001
1101011111111000
0101101001110110
1100010011110011
1100010000011111
