0110010011101010
1000010001101110
1111000001000111
0110101100000111
1110001101110110
0111110000101000
0001001111101010
1010101110110111
0110010110011110
0100100101000000
0001100110110011
1100000101111010
0101111011101111
1100111111001100
1111001010111000
0011001110001111
1101010100111111
1101000101111001
0010011011110110
0000001011110110
1001000110110001
0001010001101001
1011010111000100
1011110011101101
1101101010000111
1100010010111011
0001100110010000
0100010111011010
0000100110111011
1000110011000011
1110011000011011
0110000011010000
0010101101100010
1100100111010111
1100001010101101
0101111111000000
1000111101010010
0011110000100001
0111000001001000
1111100011111001
1011110100101010
0100001100010100
1001101001101100
1011001111101000
0101111000000101
0101101100110110
1111100011001111
0110010111111100
1011001010111101
1101001111000111
0001100000011000
1011011110011111
1000100010100101
1001101011111110
1111011110011000
1111100001110010
1110111011101001
0011011100001101
1000101101010001
1011011000110110
0111010000100110
0111001101010100
0101011000101110
0111010001011010
0110010000111001
0000010000110011
1100010000100101
0000000101011011
0110100101110111
0011111011011100
1001100011110011
1010001001111010
0001100100010110
0001110110011001
0110100111110110
1001100110101010
1100100100000100
1100111110101111
1001010010111001
1111110110101111
0111010001100010
1001001000111101
1100100100100011
1101010100100011
1101011000100110
0000101001100100
1011011011110011
0000001010111000
0101010011010000
1000010101111001
1100110001110111
0000001110101110
1101000010000010
0000010001100111
1001000101001011
1000100110110000
1101111110111011
1010110100001111
1001011100100110
1011011110111100
0011011110000111
0001101101011100
0000000101101000
0011111101000110
0100001110001000
0101010010011111
0110010000110010
1100011011101100
0100100011110100
0000010101100011
0011101000001110
0011110101110000
0010000111011111
1101011010101011
0001000110101000
0110000000111000
1001000101101010
1111011110101010
1001000001011010
0011010100101110
0101110101110101
1011000111010100
1010010000010101
0011000100001011
1011011101100010
1011110001101111
1110011010100010
0101101110000100
1101100011111110
0100010010101111
1100001100101000
0101101000110000
1100010101111101
0100101010000111
1011101111100010
0001100010000111
1111011000010101
0111111101001001
1010000100000100
0000100110100010
1000111110001000
0101011011100101
0101100110001110
0001010010001101
1010101011000111
0000101110100010
1011000100100100
0100101101100010
0010111111001110
1000000100100011
1111110110101000
1011010010010011
1010101001001010
1001010111111010
0000110110100100
0001001010100101
0000101101011001
0100000111010100
0000110110100000
0101001010100011
1010001001001001
1100101100101011
1111001100000001
0111100100010110
1000101101111100
1000111011001000
0100111000101011
1111000110010001
1011111000010010
1101111000000110
1100011110100000
0110000001101001
0001100001110110
1001001001100010
0110111111110000
1111011110100101
1001101010101000
1011011000011101
1011000011111010
0100000110000010
1011010011101001
1001011101111000
1011101010011100
1111110110001011
1111110010110011
0000011011100101
0101011111010110
1110010000010011
0111011010111111
1110010101111001
0100110111010000
0001101110101111
1010111010000111
0100100011011010
1101101100111101
1110111101011000
1001110100001011
1000001111110110
0100001011011010
1110010101011100
1010010111011111
0010000001010100
0001101101001110
1100000011101101
1000100001100100
0001011111101101
1000000100010000
0010111001100001
1111001011001000
1010110101100100
1110010111010111
0001010110000101
0010010110101011
0011011100001010
0110001011010111
1110010101100010
0111001001001011
1010110000010001
0111110001000000
0011111110101100
0010000101000000
0100000011011000
1100111010001010
1100111001010111
0011010010111101
1100001111010011
0100000111100010
0010011111011111
1101100001000001
1000001011001111
1000100101100111
1011011101010011
0000111100111100
1000011111010101
1111111111010100
1111111010000010
1010111010011010
1001100001100000
0011000110011101
0100101011110001
1001010000101110
1001101001010001
1001010100011010
1100000100100000
0110111101000110
0100101111111101
1001101001110000
0000000010010101
0111000001101001
1110011010000101
1100101100110101
1100011000101100
1101101100111110
0011010100110011
0010000000101000
0110011110001111
