1000000000000000000000000000000000011000101000101
1000000000000000000000000000000011010100000000110
1000000000000000000000000000000100100101011000100
1000000000000000000000000000000110010110101011010
1000000000000000000000000000001000010111110100111
1000000000000000000000000000001010011011010110011
1000000000000000000000000000001100011101111001110
1000000000000000000000000000001110011011001011010
1000000000000000000000000000010000011011110010010
1000000000000000000000000000010010001110010101010
1000000000000000000000000000010101111000100111011
1000000000000000000000000000010111010001100111011
1000000000000000000000000000011001000101100010111
1000000000000000000000000000011011001101111100011
1000000000000000000000000000011100001100001111100
1000000000000000000000000000011111111001101000110
1000000000000000000000000000100000010001110100000
1000000000000000000000000000100010110110100111010
1000000000000000000000000000100100001010110101001
1000000000000000000000000000100110001001000011110
1000000000000000000000000000101001010001101100011
1000000000000000000000000000101010100000010010100
1000000000000000000000000000101101010000111111100
1000000000000000000000000000101110110111101100110
1000000000000000000000000000110001111101001111101
1000000000000000000000000000110010001000101101000
1000000000000000000000000000110100111011001011101
1000000000000000000000000000110110001010111101101
1000000000000000000000000000111001001110101011001
1000000000000000000000000000111010011111100010000
1000000000000000000000000000111101000000001111110
1000000000000000000000000000111110000001011101100
1000000000000000000000000001000000011100001010111
1000000000000000000000000001000010100110001101100
1000000000000000000000000001000100101111101001011
1000000000000000000000000001000111010110011100001
1000000000000000000000000001001000000100000011010
1000000000000000000000000001001010100010100110001
1000000000000000000000000001001100011001010101101
1000000000000000000000000001001110101000000101001
1000000000000000000000000001010001011101100001101
1000000000000000000000000001010010011010110000111
1000000000000000000000000001010100010101101101000
1000000000000000000000000001010111000001010111111
1000000000000000000000000001011000010001010011101
1000000000000000000000000001011010100101101110111
1000000000000000000000000001011101010010101001001
1000000000000000000000000001011110110100100101100
1000000000000000000000000001100000111111010011001
1000000000000000000000000001100011110100100011111
1000000000000000000000000001100101100111001100001
1000000000000000000000000001100110011101101100111
1000000000000000000000000001101001111111111101001
1000000000000000000000000001101011011000111100100
1000000000000000000000000001101100101101000000100
1000000000000000000000000001101110010010111001101
1000000000000000000000000001110000100000101101111
1000000000000000000000000001110011011011110011011
1000000000000000000000000001110100001111110001100
1000000000000000000000000001110110001101010011001
1000000000000000000000000001111001001111000111100
1000000000000000000000000001111011100000111100001
1000000000000000000000000001111101100010001110100
1000000000000000000000000001111111101101010111001
1000000000000000000000000010000000001010001111100
1000000000000000000000000010000010000011010111110
1000000000000000000000000010000101011000001111111
1000000000000000000000000010000111101111100111000
1000000000000000000000000010001001001111110011100
1000000000000000000000000010001011110100011110101
1000000000000000000000000010001100011111010100110
1000000000000000000000000010001111010010101111010
1000000000000000000000000010010001110000011001010
1000000000000000000000000010010011101010001110111
1000000000000000000000000010010101001010100110110
1000000000000000000000000010010110011011111100110
1000000000000000000000000010011000000101111110001
1000000000000000000000000010011010100101111111000
1000000000000000000000000010011100011010011100110
1000000000000000000000000010011110000001001100110
1000000000000000000000000010100001111101100100001
1000000000000000000000000010100010011100111001011
1000000000000000000000000010100100000111111001010
1000000000000000000000000010100111100000000000001
1000000000000000000000000010101001111001010010110
1000000000000000000000000010101011100111001010100
1000000000000000000000000010101100101101001010011
1000000000000000000000000010101111100010011111001
1000000000000000000000000010110001010010100010101
1000000000000000000000000010110010011101011010111
1000000000000000000000000010110100011001101010111
1000000000000000000000000010110111011100001011001
1000000000000000000000000010111001000111001110001
1000000000000000000000000010111010001000111111110
1000000000000000000000000010111101000011101100011
1000000000000000000000000010111111011101010000001
1000000000000000000000000011000001111100111000111
1000000000000000000000000011000010101100101111000
1000000000000000000000000011000101000000001111000
1000000000000000000000000011000110000011111111010
1000000000000000000000000011001000111110000111010
1000000000000000000000000011001010011110111011111
1000000000000000000000000011001100011100101000100
1000000000000000000000000011001110100100111101000
1000000000000000000000000011010001111001011111010
1000000000000000000000000011010010111101010011111
1000000000000000000000000011010100101101010010110
1000000000000000000000000011010111000110111010001
1000000000000000000000000011011000010000110111100
1000000000000000000000000011011010101001011100010
1000000000000000000000000011011100001000111110111
1000000000000000000000000011011110000010000011011
1000000000000000000000000011100000000001001110100
1000000000000000000000000011100011010010000110100
1000000000000000000000000011100100100000011000011
1000000000000000000000000011100110110100100111010
1000000000000000000000000011101000001000100101010
1000000000000000000000000011101011111110101111001
1000000000000000000000000011101100000101011000010
1000000000000000000000000011101111010000010101011
1000000000000000000000000011110000011101101011110
1000000000000000000000000011110010111111100101001
1000000000000000000000000011110101001000001110111
1000000000000000000000000011110111001000010100111
1000000000000000000000000011111000011100001011010
1000000000000000000000000011111010001011011101110
1000000000000000000000000011111100110011010110100
1000000000000000000000000011111111101011011011001
1000000000000000000000000100000000001110101111110
1000000000000000000000000100000011010000011011100
1000000000000000000000000100000100010011010010110
1000000000000000000000000100000110110001101011011
1000000000000000000000000100001001011101101101100
1000000000000000000000000100001010010000100100010
1000000000000000000000000100001101111011110100011
1000000000000000000000000100001111010011011110010
1000000000000000000000000100010001000111010011100
1000000000000000000000000100010011111001011101000
1000000000000000000000000100010101010101110011000
1000000000000000000000000100010110001001101000110
1000000000000000000000000100011000111110101111111
1000000000000000000000000100011011111101010100100
1000000000000000000000000100011101111010100010111
1000000000000000000000000100011111111000001001000
1000000000000000000000000100100001111001010000111
1000000000000000000000000100100010110000000110000
1000000000000000000000000100100101101110101110011
1000000000000000000000000100100111110011011001000
1000000000000000000000000100101001000011111001111
1000000000000000000000000100101010011011010011010
1000000000000000000000000100101100100001101101101
1000000000000000000000000100101111100011000000011
1000000000000000000000000100110000001000101111101
1000000000000000000000000100110011100111111010111
1000000000000000000000000100110100010001000010000
1000000000000000000000000100110110001001111000101
1000000000000000000000000100111001110100100010000
1000000000000000000000000100111010001111011101101
1000000000000000000000000100111101101010111100010
1000000000000000000000000100111111100100101001000
1000000000000000000000000101000000100001000000110
1000000000000000000000000101000010101001000000100
1000000000000000000000000101000101011010011000010
1000000000000000000000000101000110100011110110010
1000000000000000000000000101001000100010000110110
1000000000000000000000000101001011010110011010000
1000000000000000000000000101001100001011111111101
1000000000000000000000000101001111101111010111010
1000000000000000000000000101010000010010110010100
1000000000000000000000000101010011000001001111111
1000000000000000000000000101010100101101101000001
1000000000000000000000000101010111010101011110100
1000000000000000000000000101011001011110110011011
1000000000000000000000000101011010010100011111011
1000000000000000000000000101011101000111001110111
1000000000000000000000000101011111010100011011111
1000000000000000000000000101100001100110100000011
1000000000000000000000000101100011010101000100011
1000000000000000000000000101100100010010110110101
1000000000000000000000000101100111101001000001011
1000000000000000000000000101101001111110011001110
1000000000000000000000000101101010001011110110000
1000000000000000000000000101101101010011001010011
1000000000000000000000000101101111101110000000011
1000000000000000000000000101110000111100011110000
1000000000000000000000000101110011100110110000001
1000000000000000000000000101110100011011011110101
1000000000000000000000000101110110011101001100011
1000000000000000000000000101111000110010010011010
1000000000000000000000000101111010110010011010100
1000000000000000000000000101111100010100111110100
1000000000000000000000000101111110111011100010101
1000000000000000000000000110000001111010010001100
1000000000000000000000000110000011001110111100110
1000000000000000000000000110000100011101111001101
1000000000000000000000000110000111010011101000101
1000000000000000000000000110001001000101111001110
1000000000000000000000000110001010000101101000010
1000000000000000000000000110001100011110010100011
1000000000000000000000000110001111101101100000101
1000000000000000000000000110010000001010010111010
1000000000000000000000000110010011001111100000111
1000000000000000000000000110010101101111000110011
1000000000000000000000000110010111110100110001100
1000000000000000000000000110011000010110101110101
1000000000000000000000000110011010111111111101100
1000000000000000000000000110011100010110001111011
1000000000000000000000000110011110000100011010101
1000000000000000000000000110100000101100010000111
1000000000000000000000000110100010100101100101001
1000000000000000000000000110100101101101011000010
1000000000000000000000000110100111010110000111110
1000000000000000000000000110101000110111001011001
1000000000000000000000000110101011010110111100111
1000000000000000000000000110101100101100101101000
1000000000000000000000000110101111011110010100100
1000000000000000000000000110110001001010001101101
1000000000000000000000000110110010111011101101010
1000000000000000000000000110110101000110111011000
1000000000000000000000000110110111011111101000100
1000000000000000000000000110111000100010111011111
1000000000000000000000000110111011100011100100100
1000000000000000000000000110111101100100100111010
1000000000000000000000000110111111101111010100100
1000000000000000000000000111000000110111011011011
1000000000000000000000000111000010001011101001000
1000000000000000000000000111000101101010101001011
1000000000000000000000000111000111010111110110101
1000000000000000000000000111001001101010110010010
1000000000000000000000000111001011011010010101100
1000000000000000000000000111001100011110100101011
1000000000000000000000000111001111010110100001100
1000000000000000000000000111010001111011101110111
1000000000000000000000000111010010100101110111000
1000000000000000000000000111010100010110011010110
1000000000000000000000000111010110010000010111110
1000000000000000000000000111011001011011011001000
1000000000000000000000000111011011000101100100011
1000000000000000000000000111011100001001111101000
1000000000000000000000000111011111011011001011011
1000000000000000000000000111100001001110111111000
1000000000000000000000000111100010110010011011001
1000000000000000000000000111100100000110000111111
1000000000000000000000000111100111000110101111001
1000000000000000000000000111101000110111001110000
1000000000000000000000000111101010111000001111111
1000000000000000000000000111101101110101100001000
1000000000000000000000000111101111100000111101101
1000000000000000000000000111110001011000111100100
1000000000000000000000000111110011100101001001000
1000000000000000000000000111110100011101010101111
1000000000000000000000000111110111101110110000001
1000000000000000000000000111111000101111111111101
1000000000000000000000000111111010010001001101100
1000000000000000000000000111111100110111110100101
1000000000000000000000000111111111010010101001101
000000000000000000000000000000000
000000000000000000000000000000001
000000000000000000000000000000010
000000000000000000000000000000011
000000000000000000000000000000100
000000000000000000000000000000101
000000000000000000000000000000110
000000000000000000000000000000111
000000000000000000000000000001000
000000000000000000000000000001001
000000000000000000000000000001010
000000000000000000000000000001011
000000000000000000000000000001100
000000000000000000000000000001101
000000000000000000000000000001110
000000000000000000000000000001111
000000000000000000000000000010000
000000000000000000000000000010001
000000000000000000000000000010010
000000000000000000000000000010011
000000000000000000000000000010100
000000000000000000000000000010101
000000000000000000000000000010110
000000000000000000000000000010111
000000000000000000000000000011000
000000000000000000000000000011001
000000000000000000000000000011010
000000000000000000000000000011011
000000000000000000000000000011100
000000000000000000000000000011101
000000000000000000000000000011110
000000000000000000000000000011111
000000000000000000000000000100000
000000000000000000000000000100001
000000000000000000000000000100010
000000000000000000000000000100011
000000000000000000000000000100100
000000000000000000000000000100101
000000000000000000000000000100110
000000000000000000000000000100111
000000000000000000000000000101000
000000000000000000000000000101001
000000000000000000000000000101010
000000000000000000000000000101011
000000000000000000000000000101100
000000000000000000000000000101101
000000000000000000000000000101110
000000000000000000000000000101111
000000000000000000000000000110000
000000000000000000000000000110001
000000000000000000000000000110010
000000000000000000000000000110011
000000000000000000000000000110100
000000000000000000000000000110101
000000000000000000000000000110110
000000000000000000000000000110111
000000000000000000000000000111000
000000000000000000000000000111001
000000000000000000000000000111010
000000000000000000000000000111011
000000000000000000000000000111100
000000000000000000000000000111101
000000000000000000000000000111110
000000000000000000000000000111111
000000000000000000000000001000000
000000000000000000000000001000001
000000000000000000000000001000010
000000000000000000000000001000011
000000000000000000000000001000100
000000000000000000000000001000101
000000000000000000000000001000110
000000000000000000000000001000111
000000000000000000000000001001000
000000000000000000000000001001001
000000000000000000000000001001010
000000000000000000000000001001011
000000000000000000000000001001100
000000000000000000000000001001101
000000000000000000000000001001110
000000000000000000000000001001111
000000000000000000000000001010000
000000000000000000000000001010001
000000000000000000000000001010010
000000000000000000000000001010011
000000000000000000000000001010100
000000000000000000000000001010101
000000000000000000000000001010110
000000000000000000000000001010111
000000000000000000000000001011000
000000000000000000000000001011001
000000000000000000000000001011010
000000000000000000000000001011011
000000000000000000000000001011100
000000000000000000000000001011101
000000000000000000000000001011110
000000000000000000000000001011111
000000000000000000000000001100000
000000000000000000000000001100001
000000000000000000000000001100010
000000000000000000000000001100011
000000000000000000000000001100100
000000000000000000000000001100101
000000000000000000000000001100110
000000000000000000000000001100111
000000000000000000000000001101000
000000000000000000000000001101001
000000000000000000000000001101010
000000000000000000000000001101011
000000000000000000000000001101100
000000000000000000000000001101101
000000000000000000000000001101110
000000000000000000000000001101111
000000000000000000000000001110000
000000000000000000000000001110001
000000000000000000000000001110010
000000000000000000000000001110011
000000000000000000000000001110100
000000000000000000000000001110101
000000000000000000000000001110110
000000000000000000000000001110111
000000000000000000000000001111000
000000000000000000000000001111001
000000000000000000000000001111010
000000000000000000000000001111011
000000000000000000000000001111100
000000000000000000000000001111101
000000000000000000000000001111110
000000000000000000000000001111111
000000000000000000000000010000000
000000000000000000000000010000001
000000000000000000000000010000010
000000000000000000000000010000011
000000000000000000000000010000100
000000000000000000000000010000101
000000000000000000000000010000110
000000000000000000000000010000111
000000000000000000000000010001000
000000000000000000000000010001001
000000000000000000000000010001010
000000000000000000000000010001011
000000000000000000000000010001100
000000000000000000000000010001101
000000000000000000000000010001110
000000000000000000000000010001111
000000000000000000000000010010000
000000000000000000000000010010001
000000000000000000000000010010010
000000000000000000000000010010011
000000000000000000000000010010100
000000000000000000000000010010101
000000000000000000000000010010110
000000000000000000000000010010111
000000000000000000000000010011000
000000000000000000000000010011001
000000000000000000000000010011010
000000000000000000000000010011011
000000000000000000000000010011100
000000000000000000000000010011101
000000000000000000000000010011110
000000000000000000000000010011111
000000000000000000000000010100000
000000000000000000000000010100001
000000000000000000000000010100010
000000000000000000000000010100011
000000000000000000000000010100100
000000000000000000000000010100101
000000000000000000000000010100110
000000000000000000000000010100111
000000000000000000000000010101000
000000000000000000000000010101001
000000000000000000000000010101010
000000000000000000000000010101011
000000000000000000000000010101100
000000000000000000000000010101101
000000000000000000000000010101110
000000000000000000000000010101111
000000000000000000000000010110000
000000000000000000000000010110001
000000000000000000000000010110010
000000000000000000000000010110011
000000000000000000000000010110100
000000000000000000000000010110101
000000000000000000000000010110110
000000000000000000000000010110111
000000000000000000000000010111000
000000000000000000000000010111001
000000000000000000000000010111010
000000000000000000000000010111011
000000000000000000000000010111100
000000000000000000000000010111101
000000000000000000000000010111110
000000000000000000000000010111111
000000000000000000000000011000000
000000000000000000000000011000001
000000000000000000000000011000010
000000000000000000000000011000011
000000000000000000000000011000100
000000000000000000000000011000101
000000000000000000000000011000110
000000000000000000000000011000111
000000000000000000000000011001000
000000000000000000000000011001001
000000000000000000000000011001010
000000000000000000000000011001011
000000000000000000000000011001100
000000000000000000000000011001101
000000000000000000000000011001110
000000000000000000000000011001111
000000000000000000000000011010000
000000000000000000000000011010001
000000000000000000000000011010010
000000000000000000000000011010011
000000000000000000000000011010100
000000000000000000000000011010101
000000000000000000000000011010110
000000000000000000000000011010111
000000000000000000000000011011000
000000000000000000000000011011001
000000000000000000000000011011010
000000000000000000000000011011011
000000000000000000000000011011100
000000000000000000000000011011101
000000000000000000000000011011110
000000000000000000000000011011111
000000000000000000000000011100000
000000000000000000000000011100001
000000000000000000000000011100010
000000000000000000000000011100011
000000000000000000000000011100100
000000000000000000000000011100101
000000000000000000000000011100110
000000000000000000000000011100111
000000000000000000000000011101000
000000000000000000000000011101001
000000000000000000000000011101010
000000000000000000000000011101011
000000000000000000000000011101100
000000000000000000000000011101101
000000000000000000000000011101110
000000000000000000000000011101111
000000000000000000000000011110000
000000000000000000000000011110001
000000000000000000000000011110010
000000000000000000000000011110011
000000000000000000000000011110100
000000000000000000000000011110101
000000000000000000000000011110110
000000000000000000000000011110111
000000000000000000000000011111000
000000000000000000000000011111001
000000000000000000000000011111010
000000000000000000000000011111011
000000000000000000000000011111100
000000000000000000000000011111101
000000000000000000000000011111110
000000000000000000000000011111111
