U1000011U0111U01
0100001000101000
0111001000101010
0010001000000100
1000000100111000
1000000100000001
1000110100101011
0000000100001000
1101101100011100
1100111100011110
0111110001011111
1111000100111101
1101000110110100
0110000101010100
0010000001101100
0011100101101110
1010101100101011
0110011010000011
0001001010001001
1001101101111000
1100110011111001
0100011011010101
0100101110011110
1001101110001101
0010101000101101
1111100001101101
1111111101110100
0111100101100111
1000100111100111
1011001001100110
1100000001100000
1000110100100000
1001100110111000
1000110010101110
0000111011101011
0101000001111111
0011010100011001
1011010100111001
0000001011010100
0100011010111100
0010010010100110
1101100010100000
1000000011110011
1010000010011011
1111001111000011
1000001110111110
1100011110001110
1000011010000101
0001011110100101
0000111101001011
0100101101101011
0101101100110001
0010101110110101
1010011111100010
1000110101100110
1011110101000101
0110101000010101
0001101000101010
1001101000011010
0000101000000000
0000101100000000
0111011100001011
1010010110100111
0100011010100111
0011111010011111
0010011001100011
1001101100100011
1001111001110101
0000111010010010
0000101001010000
1100001101100010
0111011101011101
1111011110111111
1011010110011001
0011000101001100
0010111001011000
0100011001111011
1101010101110110
1101000011100110
0100010010011011
0110111010011000
0110011111111001
1111000011101001
1010000111100001
0110101110001100
0101101000100110
0000001001101010
0000001000001010
0000001000010010
1001000100110010
1101000010100000
1001111010011010
0100111110011110
0100000100011110
1100100110011011
0100110100101101
0011010111111100
0011000011111000
0001000001111010
0011000110111010
1101010010010011
0100000011000000
0000101011010111
0000111011010100
0001011111111100
1000011100111111
1010011101001110
0101011101110010
1001001011010011
1011000010110111
1000000001111110
0010001111010010
0011100110010000
0101110010000000
0011101010001011
0011111100001101
0111111001101000
0100111011101000
0110011010111000
0110010011111001
0110010011101001
0100011010101111
0100001000111111
1100000110101000
1101100001111000
1100111001010000
0010101000010010
1000110100011111
1000110100011111
