0100001110111001
1100001100111101
0110100100011101
0101101000101000
1011001100101010
0110001011000110
0110001011111110
1010011100110100
0100100000111010
1000000100001001
0010101001000101
1000110100100001
1001011101001111
0100110100101010
1000100010001101
1000001110011100
1111101000100001
1101111100011110
1100001110110100
0010110100011111
1111111001110111
0111000001011101
1110001100111101
1001000110111101
1101110010110110
0110000101110000
1110000101000111
0010000000011100
0110000111101101
0011110001101010
1101100111111100
0010000101101111
1010101100101000
1111111100000011
0100010011001010
0010001010000001
0001000010011101
1001001111101010
1011110101110000
1100101001111001
1101110011111001
1000110011110101
0100011011010001
0101011110011110
0010100010010010
1100101111001101
1011101110011111
0001001100100100
0110101000001011
1010100001101101
1111110101011001
0111001011101100
1011111101110011
1111110101110100
0011100110100111
0100100101000111
1000101111111001
1010110010100110
0011001101100110
1011001001100010
1100000011010101
1100110100100000
1000010101100000
0010101100111000
1001100011111001
1101110110101110
1000010011111100
0010110010001011
1000101111101011
0101011001101011
0101100001111111
0111000111011101
0011110100110011
1011010100011001
1111010100101000
1000010010110101
0010101011000110
0101001001011000
0100110010111100
0000011110100110
0010110000100110
1111000010111010
0101111100000000
1000100010100001
0100010001110011
1011000011111011
1010100110011001
1110001010000011
0101100111101000
1011011111010011
0000101100111110
1100000110101110
0101111001000011
1000011110001100
0101010001010001
1000001010100111
0111011101100101
0001111110101001
0000001001011011
0100111101001111
0100001111110010
0101101000101001
1110111101110000
0001101110010001
0010100100111101
1010101110110100
0011011111000011
1010010101100010
1000110001100100
1000110101001111
0011011101000100
1111100000010101
0110001000000101
0100101000011010
0011100100101010
1001001001101000
1010110110011011
0001101000010010
1000000001101000
0000111110000100
0010101000010001
0100001101001000
0111110100000111
0011011110011011
1010110110100110
1100000010100111
0100111010100111
0001011010001110
1011101110011101
0010111001111011
0010011001000001
0000001100100011
1011101011010011
1001110100101001
1000101011110101
1101111001010111
0010011110110010
0000101010010000
0010110101010100
1000101001100010
1101000101110010
0110011101001101
0011010111010101
0111011100111111
1111011111000111
1011001110111001
1010110110011011
1001010101001000
0111000011111110
0010101101001100
0011110011010011
0000011001111000
0100001001001011
1101010100110111
1001000001010000
1101010101100110
1101000010111100
0100000011000011
0100010000011101
0110011010111010
1000100011011100
0110111110011001
0010010111111010
1110011011101101
1001100000001000
0111000111110001
1000000111100001
1010101111001100
0110110110101100
0111101000000110
0101100110100111
0101011001101000
0000100111000010
0000001000101010
0010110110001111
0000001000000010
0100110001010100
1001001100111011
1011000110110010
1101000000000100
0100010110111000
1001100010100010
1110011001011110
1001111110011000
0110011110011110
0100100110001110
0111011001011000
1100000100010111
1010100111011011
0101111010101011
1100100101100101
0010010100111100
0101000111011101
1011110111110000
0011001000011101
0000000011111010
1101001001011100
0001010101111010
0011000110010110
1010000010111011
1101011111010111
0101110000000000
1110000111011000
0000000011000001
0000101000010111
0000111011010110
0000101011110001
0100011011010100
0001011111111000
1011011100101111
0000010010110001
1000001101011110
1010010110001110
0011111101101010
0101011111110000
1101000000110011
0001001111011011
1011111011000010
0111000010110101
1001000000111111
1100000101010100
0010001001101010
0000110111010000
0010001110010110
1011110010000001
0101100110010000
1101110000101001
0011111010000010
1010001000011101
0001101111001011
0111010000000101
0011111100101100
1111100001101010
0110111011111001
0000111111101110
0100010001100000
1010101110111011
0110011010011000
1100010101101011
0010010011111101
0110110010001001
1101011011100011
0100011010101110
0000000000111111
0100111110011111
1100001000101000
0100010110110001
1101000111001100
1100101000111000
1001110001110000
1110111110011010
0100101001010001
1010000000010010
0010111010110110
1000110100011111
1010111010111110
