1000000000000000000000000000000000001101010101010
1000000000000000000000000000000010100001110100011
1000000000000000000000000000000101001101001110010
1000000000000000000000000000000111011101011000011
1000000000000000000000000000001000100100101010111
1000000000000000000000000000001010111110110000100
1000000000000000000000000000001101011100100011111
1000000000000000000000000000001110000011100001110
1000000000000000000000000000010000111110100000000
1000000000000000000000000000010010000000010010111
1000000000000000000000000000010100100101000000000
1000000000000000000000000000010110100001000001111
1000000000000000000000000000011000010011011010011
1000000000000000000000000000011011101010001010111
1000000000000000000000000000011100001001000000100
1000000000000000000000000000011111101001100001011
1000000000000000000000000000100001110100100000011
1000000000000000000000000000100011001110111100111
1000000000000000000000000000100101011001000010010
1000000000000000000000000000100111001000111001111
1000000000000000000000000000101000011010111101100
1000000000000000000000000000101010111001001111111
1000000000000000000000000000101101110010010100111
1000000000000000000000000000101111110111110011100
1000000000000000000000000000110001001011111000001
1000000000000000000000000000110011000110011111111
1000000000000000000000000000110101110101101100000
1000000000000000000000000000110110011011111011011
1000000000000000000000000000111000001101110100100
1000000000000000000000000000111011110001110011011
1000000000000000000000000000111101100100101100110
1000000000000000000000000000111110111011101100011
1000000000000000000000000001000000111110011100000
1000000000000000000000000001000011101000011000100
1000000000000000000000000001000101111111011001001
1000000000000000000000000001000110110000101111000
1000000000000000000000000001001000010001111011101
1000000000000000000000000001001010100010100100011
1000000000000000000000000001001101010101011010001
1000000000000000000000000001001110000010010010000
1000000000000000000000000001010000110000110101001
1000000000000000000000000001010010110111100110010
1000000000000000000000000001010100011101111001110
1000000000000000000000000001010110000010011000110
1000000000000000000000000001011001001101101110111
1000000000000000000000000001011011110110010101000
1000000000000000000000000001011101011111000001101
1000000000000000000000000001011111010001011111011
1000000000000000000000000001100001100010111001100
1000000000000000000000000001100010110100110111010
1000000000000000000000000001100100100001011110011
1000000000000000000000000001100110000111111101011
1000000000000000000000000001101001011100001000000
1000000000000000000000000001101010100101111000000
1000000000000000000000000001101100111111000100110
1000000000000000000000000001101111011011010111000
1000000000000000000000000001110000011111101001010
1000000000000000000000000001110011001000011011101
1000000000000000000000000001110100100010101101110
1000000000000000000000000001110110011000010101010
1000000000000000000000000001111000011101000001110
1000000000000000000000000001111011010100010000001
1000000000000000000000000001111100100011101111010
1000000000000000000000000001111110100111001011101
1000000000000000000000000010000001010011000010010
1000000000000000000000000010000011110100101101000
1000000000000000000000000010000101001111110010110
1000000000000000000000000010000110101001110101010
1000000000000000000000000010001001110101001011101
1000000000000000000000000010001010101000000011000
1000000000000000000000000010001101001101111110101
1000000000000000000000000010001110111011110101011
1000000000000000000000000010010001011001011011011
1000000000000000000000000010010010000011110110111
1000000000000000000000000010010101001000011110111
1000000000000000000000000010010110001110110111110
1000000000000000000000000010011000000100101110100
1000000000000000000000000010011010111010001001110
1000000000000000000000000010011100011011110001000
1000000000000000000000000010011110111111100000000
1000000000000000000000000010100001101000100100010
1000000000000000000000000010100011100010110010010
1000000000000000000000000010100100111110001111101
1000000000000000000000000010100111111101011100000
1000000000000000000000000010101000111110101001100
1000000000000000000000000010101010101000010110001
1000000000000000000000000010101100100111110011101
1000000000000000000000000010101110011101101111101
1000000000000000000000000010110000100101011001000
1000000000000000000000000010110011111100011101001
1000000000000000000000000010110101101010010111000
1000000000000000000000000010110111001100101100101
1000000000000000000000000010111000100111001011111
1000000000000000000000000010111011100101000011110
1000000000000000000000000010111101001000101001111
1000000000000000000000000010111111011110011111000
1000000000000000000000000011000001100110010111111
1000000000000000000000000011000010110111101001010
1000000000000000000000000011000101010010100111111
1000000000000000000000000011000111100011010100001
1000000000000000000000000011001000011101000010100
1000000000000000000000000011001011000100000110001
1000000000000000000000000011001101010000110001001
1000000000000000000000000011001111001111100000101
1000000000000000000000000011010000011111000010100
1000000000000000000000000011010010001011110111000
1000000000000000000000000011010100010110111100101
1000000000000000000000000011010111111100111100010
1000000000000000000000000011011001101111111011111
1000000000000000000000000011011011011010001101101
1000000000000000000000000011011100011010111010101
1000000000000000000000000011011111111010100111010
1000000000000000000000000011100000010000101101110
1000000000000000000000000011100010001101011100011
1000000000000000000000000011100100011101001000001
1000000000000000000000000011100110001110001001110
1000000000000000000000000011101000100011001010100
1000000000000000000000000011101010011000000110001
1000000000000000000000000011101100010001010101010
1000000000000000000000000011101110111011110010000
1000000000000000000000000011110000111100101100100
1000000000000000000000000011110010110110111100101
1000000000000000000000000011110101001001100111010
1000000000000000000000000011110111111110110100010
1000000000000000000000000011111001110011100111110
1000000000000000000000000011111011001111001010100
1000000000000000000000000011111101110111010110010
1000000000000000000000000011111111010110101101001
1000000000000000000000000100000000100011111001010
1000000000000000000000000100000011100111011111100
1000000000000000000000000100000101000110111000000
1000000000000000000000000100000110100010001000111
1000000000000000000000000100001000011101000000110
1000000000000000000000000100001011100111101110011
1000000000000000000000000100001101000110010011011
1000000000000000000000000100001111111011000101011
1000000000000000000000000100010001001010110101100
1000000000000000000000000100010011101101110010000
1000000000000000000000000100010100100110010011111
1000000000000000000000000100010111101100110001100
1000000000000000000000000100011001010101101011101
1000000000000000000000000100011010100111101010100
1000000000000000000000000100011101110111111001001
1000000000000000000000000100011111010110000111101
1000000000000000000000000100100001011100100111011
1000000000000000000000000100100011101011011111110
1000000000000000000000000100100100101111111001100
1000000000000000000000000100100111001000000010110
1000000000000000000000000100101001011001011000000
1000000000000000000000000100101011000101001000111
1000000000000000000000000100101100000010000001001
1000000000000000000000000100101110101110000000001
1000000000000000000000000100110001100100110100010
1000000000000000000000000100110010101101001010010
1000000000000000000000000100110101001101010111000
1000000000000000000000000100110111011100101010000
1000000000000000000000000100111000101000001010000
1000000000000000000000000100111011001100101001010
1000000000000000000000000100111100000010110010000
1000000000000000000000000100111111101100111000111
1000000000000000000000000101000000010101101110001
1000000000000000000000000101000011101111000101001
1000000000000000000000000101000100110101000111101
1000000000000000000000000101000110101100110011000
1000000000000000000000000101001000111101001010100
1000000000000000000000000101001011100011000010101
1000000000000000000000000101001101100000011011000
1000000000000000000000000101001110100111101010100
1000000000000000000000000101010001100000111101010
1000000000000000000000000101010010101000010001110
1000000000000000000000000101010101000110000110111
1000000000000000000000000101010111101100001110100
1000000000000000000000000101011001001111000111100
1000000000000000000000000101011010111000011111001
1000000000000000000000000101011101111000000001001
1000000000000000000000000101011111101101011101100
1000000000000000000000000101100001011000001011001
1000000000000000000000000101100011111100000001000
1000000000000000000000000101100101010101001011110
1000000000000000000000000101100110110000101000010
1000000000000000000000000101101001101000101101100
1000000000000000000000000101101011111101110111000
1000000000000000000000000101101101001000010101101
1000000000000000000000000101101111011101101010101
1000000000000000000000000101110000010100010101000
1000000000000000000000000101110011100010111100111
1000000000000000000000000101110100010000111000011
1000000000000000000000000101110110010000011110100
1000000000000000000000000101111000010101011111100
1000000000000000000000000101111010100100111101001
1000000000000000000000000101111100101100000001001
1000000000000000000000000101111111101100000010010
1000000000000000000000000110000001110001011110000
1000000000000000000000000110000010001010110101010
1000000000000000000000000110000100101001001010001
1000000000000000000000000110000111101101011100110
1000000000000000000000000110001000111101101001100
1000000000000000000000000110001010110111000110000
1000000000000000000000000110001100100111011010101
1000000000000000000000000110001111110010100110100
1000000000000000000000000110010001111101010011100
1000000000000000000000000110010010000100000111111
1000000000000000000000000110010101111010010000010
1000000000000000000000000110010111010000110100110
1000000000000000000000000110011000010110101001000
1000000000000000000000000110011010010110010100110
1000000000000000000000000110011101000001010001011
1000000000000000000000000110011110001101000000111
1000000000000000000000000110100000101111000010011
1000000000000000000000000110100011011000110110011
1000000000000000000000000110100101101011011011111
1000000000000000000000000110100110110100001010010
1000000000000000000000000110101001011100100101010
1000000000000000000000000110101011011100101011000
1000000000000000000000000110101101110111110010001
1000000000000000000000000110101111111001000100110
1000000000000000000000000110110001001011000111110
1000000000000000000000000110110011101001010001001
1000000000000000000000000110110101100000011011011
1000000000000000000000000110110110000010001010000
1000000000000000000000000110111001010111101111011
1000000000000000000000000110111010111110001111001
1000000000000000000000000110111101100111111110101
1000000000000000000000000110111110111011101001111
1000000000000000000000000111000001111100100010100
1000000000000000000000000111000011101100111011100
1000000000000000000000000111000100111111000111001
1000000000000000000000000111000111101110100010010
1000000000000000000000000111001000100111001011011
1000000000000000000000000111001010001101100000110
1000000000000000000000000111001100011100011000001
1000000000000000000000000111001110001100101001101
1000000000000000000000000111010001000010110110001
1000000000000000000000000111010010000011111110000
1000000000000000000000000111010101010111110010111
1000000000000000000000000111010111000110110100010
1000000000000000000000000111011000010101000100011
1000000000000000000000000111011010100111100101110
1000000000000000000000000111011100010111000101101
1000000000000000000000000111011111000111011011100
1000000000000000000000000111100000101001001011000
1000000000000000000000000111100010100101111111100
1000000000000000000000000111100101010111001100101
1000000000000000000000000111100110101000111100000
1000000000000000000000000111101000111001000111111
1000000000000000000000000111101011010010001001011
1000000000000000000000000111101100110000100001010
1000000000000000000000000111101110110100101001100
1000000000000000000000000111110000001010110010001
1000000000000000000000000111110011100101110101000
1000000000000000000000000111110101110000001100110
1000000000000000000000000111110111111010000011010
1000000000000000000000000111111000000111000110000
1000000000000000000000000111111011010010111001010
1000000000000000000000000111111100111000100110001
1000000000000000000000000111111111101001001001010
000000000000000000000000000000000
000000000000000000000000000000001
000000000000000000000000000000010
000000000000000000000000000000011
000000000000000000000000000000100
000000000000000000000000000000101
000000000000000000000000000000110
000000000000000000000000000000111
000000000000000000000000000001000
000000000000000000000000000001001
000000000000000000000000000001010
000000000000000000000000000001011
000000000000000000000000000001100
000000000000000000000000000001101
000000000000000000000000000001110
000000000000000000000000000001111
000000000000000000000000000010000
000000000000000000000000000010001
000000000000000000000000000010010
000000000000000000000000000010011
000000000000000000000000000010100
000000000000000000000000000010101
000000000000000000000000000010110
000000000000000000000000000010111
000000000000000000000000000011000
000000000000000000000000000011001
000000000000000000000000000011010
000000000000000000000000000011011
000000000000000000000000000011100
000000000000000000000000000011101
000000000000000000000000000011110
000000000000000000000000000011111
000000000000000000000000000100000
000000000000000000000000000100001
000000000000000000000000000100010
000000000000000000000000000100011
000000000000000000000000000100100
000000000000000000000000000100101
000000000000000000000000000100110
000000000000000000000000000100111
000000000000000000000000000101000
000000000000000000000000000101001
000000000000000000000000000101010
000000000000000000000000000101011
000000000000000000000000000101100
000000000000000000000000000101101
000000000000000000000000000101110
000000000000000000000000000101111
000000000000000000000000000110000
000000000000000000000000000110001
000000000000000000000000000110010
000000000000000000000000000110011
000000000000000000000000000110100
000000000000000000000000000110101
000000000000000000000000000110110
000000000000000000000000000110111
000000000000000000000000000111000
000000000000000000000000000111001
000000000000000000000000000111010
000000000000000000000000000111011
000000000000000000000000000111100
000000000000000000000000000111101
000000000000000000000000000111110
000000000000000000000000000111111
000000000000000000000000001000000
000000000000000000000000001000001
000000000000000000000000001000010
000000000000000000000000001000011
000000000000000000000000001000100
000000000000000000000000001000101
000000000000000000000000001000110
000000000000000000000000001000111
000000000000000000000000001001000
000000000000000000000000001001001
000000000000000000000000001001010
000000000000000000000000001001011
000000000000000000000000001001100
000000000000000000000000001001101
000000000000000000000000001001110
000000000000000000000000001001111
000000000000000000000000001010000
000000000000000000000000001010001
000000000000000000000000001010010
000000000000000000000000001010011
000000000000000000000000001010100
000000000000000000000000001010101
000000000000000000000000001010110
000000000000000000000000001010111
000000000000000000000000001011000
000000000000000000000000001011001
000000000000000000000000001011010
000000000000000000000000001011011
000000000000000000000000001011100
000000000000000000000000001011101
000000000000000000000000001011110
000000000000000000000000001011111
000000000000000000000000001100000
000000000000000000000000001100001
000000000000000000000000001100010
000000000000000000000000001100011
000000000000000000000000001100100
000000000000000000000000001100101
000000000000000000000000001100110
000000000000000000000000001100111
000000000000000000000000001101000
000000000000000000000000001101001
000000000000000000000000001101010
000000000000000000000000001101011
000000000000000000000000001101100
000000000000000000000000001101101
000000000000000000000000001101110
000000000000000000000000001101111
000000000000000000000000001110000
000000000000000000000000001110001
000000000000000000000000001110010
000000000000000000000000001110011
000000000000000000000000001110100
000000000000000000000000001110101
000000000000000000000000001110110
000000000000000000000000001110111
000000000000000000000000001111000
000000000000000000000000001111001
000000000000000000000000001111010
000000000000000000000000001111011
000000000000000000000000001111100
000000000000000000000000001111101
000000000000000000000000001111110
000000000000000000000000001111111
000000000000000000000000010000000
000000000000000000000000010000001
000000000000000000000000010000010
000000000000000000000000010000011
000000000000000000000000010000100
000000000000000000000000010000101
000000000000000000000000010000110
000000000000000000000000010000111
000000000000000000000000010001000
000000000000000000000000010001001
000000000000000000000000010001010
000000000000000000000000010001011
000000000000000000000000010001100
000000000000000000000000010001101
000000000000000000000000010001110
000000000000000000000000010001111
000000000000000000000000010010000
000000000000000000000000010010001
000000000000000000000000010010010
000000000000000000000000010010011
000000000000000000000000010010100
000000000000000000000000010010101
000000000000000000000000010010110
000000000000000000000000010010111
000000000000000000000000010011000
000000000000000000000000010011001
000000000000000000000000010011010
000000000000000000000000010011011
000000000000000000000000010011100
000000000000000000000000010011101
000000000000000000000000010011110
000000000000000000000000010011111
000000000000000000000000010100000
000000000000000000000000010100001
000000000000000000000000010100010
000000000000000000000000010100011
000000000000000000000000010100100
000000000000000000000000010100101
000000000000000000000000010100110
000000000000000000000000010100111
000000000000000000000000010101000
000000000000000000000000010101001
000000000000000000000000010101010
000000000000000000000000010101011
000000000000000000000000010101100
000000000000000000000000010101101
000000000000000000000000010101110
000000000000000000000000010101111
000000000000000000000000010110000
000000000000000000000000010110001
000000000000000000000000010110010
000000000000000000000000010110011
000000000000000000000000010110100
000000000000000000000000010110101
000000000000000000000000010110110
000000000000000000000000010110111
000000000000000000000000010111000
000000000000000000000000010111001
000000000000000000000000010111010
000000000000000000000000010111011
000000000000000000000000010111100
000000000000000000000000010111101
000000000000000000000000010111110
000000000000000000000000010111111
000000000000000000000000011000000
000000000000000000000000011000001
000000000000000000000000011000010
000000000000000000000000011000011
000000000000000000000000011000100
000000000000000000000000011000101
000000000000000000000000011000110
000000000000000000000000011000111
000000000000000000000000011001000
000000000000000000000000011001001
000000000000000000000000011001010
000000000000000000000000011001011
000000000000000000000000011001100
000000000000000000000000011001101
000000000000000000000000011001110
000000000000000000000000011001111
000000000000000000000000011010000
000000000000000000000000011010001
000000000000000000000000011010010
000000000000000000000000011010011
000000000000000000000000011010100
000000000000000000000000011010101
000000000000000000000000011010110
000000000000000000000000011010111
000000000000000000000000011011000
000000000000000000000000011011001
000000000000000000000000011011010
000000000000000000000000011011011
000000000000000000000000011011100
000000000000000000000000011011101
000000000000000000000000011011110
000000000000000000000000011011111
000000000000000000000000011100000
000000000000000000000000011100001
000000000000000000000000011100010
000000000000000000000000011100011
000000000000000000000000011100100
000000000000000000000000011100101
000000000000000000000000011100110
000000000000000000000000011100111
000000000000000000000000011101000
000000000000000000000000011101001
000000000000000000000000011101010
000000000000000000000000011101011
000000000000000000000000011101100
000000000000000000000000011101101
000000000000000000000000011101110
000000000000000000000000011101111
000000000000000000000000011110000
000000000000000000000000011110001
000000000000000000000000011110010
000000000000000000000000011110011
000000000000000000000000011110100
000000000000000000000000011110101
000000000000000000000000011110110
000000000000000000000000011110111
000000000000000000000000011111000
000000000000000000000000011111001
000000000000000000000000011111010
000000000000000000000000011111011
000000000000000000000000011111100
000000000000000000000000011111101
000000000000000000000000011111110
000000000000000000000000011111111
